33,1969-12-31 19:00:00.0,1460668309176,100000,100,INSTITUTIONSHOMOPHILY,true,10,10,6,14,6,0.85,0.5,0,0,0.001,0.001,0,0,0,502,100,1,0.0,0.0,0.0,0.0,100,1,0.0,0.0,0.0,0.0,100,1,600,600,0,600,0,0,0,0,0,0,0,0,0
33,2016-04-14 17:11:49.176,4,100000,100,INSTITUTIONSHOMOPHILY,true,10,10,6,14,6,0.85,0.5,0,0,0.001,0.001,0,100,0,468,100,1,0.0,0.0,0.0,0.0,99,2,0.0,0.0,0.0,0.0,23,12,43,600,0,179,0,0,0,0,0,0,0,0,0
33,2016-04-14 17:11:49.176,7,100000,100,INSTITUTIONSHOMOPHILY,true,10,10,6,14,6,0.85,0.5,0,0,0.001,0.001,0,200,100,388,91,8,0.0,0.0,0.0,0.0,81,17,0.0,0.0,0.0,0.0,20,22,25,600,0,114,0,0,0,0,0,0,0,0,0
33,2016-04-14 17:11:49.176,11,100000,100,INSTITUTIONSHOMOPHILY,true,10,10,6,14,6,0.85,0.5,0,0,0.001,0.001,0,300,200,198,43,49,0.0,0.0,0.0,0.0,23,60,0.0,0.0,0.0,0.0,12,43,7,600,0,80,0,0,0,0,0,0,0,0,0
33,2016-04-14 17:11:49.176,14,100000,100,INSTITUTIONSHOMOPHILY,true,10,10,6,14,6,0.85,0.5,0,0,0.001,0.001,0,400,300,204,30,45,0.0,0.0,0.0,0.0,16,59,0.0,0.0,0.0,0.0,11,44,7,600,0,73,0,0,0,0,0,0,0,0,0
33,2016-04-14 17:11:49.176,16,100000,100,INSTITUTIONSHOMOPHILY,true,10,10,6,14,6,0.85,0.5,0,0,0.001,0.001,0,500,400,185,39,46,0.0,0.0,0.0,0.0,21,56,0.0,0.0,0.0,0.0,11,45,7,600,0,71,0,0,0,0,0,0,0,0,0
33,2016-04-14 17:11:49.176,19,100000,100,INSTITUTIONSHOMOPHILY,true,10,10,6,14,6,0.85,0.5,0,0,0.001,0.001,0,600,500,198,29,48,0.0,0.0,0.0,0.0,13,62,0.0,0.0,0.0,0.0,10,47,6,600,0,73,0,0,0,0,0,0,0,0,0
33,2016-04-14 17:11:49.176,22,100000,100,INSTITUTIONSHOMOPHILY,true,10,10,6,14,6,0.85,0.5,0,0,0.001,0.001,0,700,600,180,29,48,0.0,0.0,0.0,0.0,14,60,0.0,0.0,0.0,0.0,9,47,4,600,0,74,0,0,0,0,0,0,0,0,0
33,2016-04-14 17:11:49.176,25,100000,100,INSTITUTIONSHOMOPHILY,true,10,10,6,14,6,0.85,0.5,0,0,0.001,0.001,0,800,700,174,26,48,0.0,0.0,0.0,0.0,16,61,0.0,0.0,0.0,0.0,9,48,4,600,0,69,0,0,0,0,0,0,0,0,0
33,2016-04-14 17:11:49.176,27,100000,100,INSTITUTIONSHOMOPHILY,true,10,10,6,14,6,0.85,0.5,0,0,0.001,0.001,0,900,800,147,29,48,0.0,0.0,0.0,0.0,12,61,0.0,0.0,0.0,0.0,7,50,3,600,0,65,0,0,0,0,0,0,0,0,0
33,2016-04-14 17:11:49.176,32,100000,100,INSTITUTIONSHOMOPHILY,true,10,10,6,14,6,0.85,0.5,0,0,0.001,0.001,0,1000,900,157,21,49,0.0,0.0,0.0,0.0,10,62,0.0,0.0,0.0,0.0,6,50,2,600,0,64,0,0,0,0,0,0,0,0,0
33,2016-04-14 17:11:49.176,35,100000,100,INSTITUTIONSHOMOPHILY,true,10,10,6,14,6,0.85,0.5,0,0,0.001,0.001,0,1100,1000,165,27,38,0.0,0.0,0.0,0.0,12,54,0.0,0.0,0.0,0.0,6,50,2,600,0,59,0,0,0,0,0,0,0,0,0
33,2016-04-14 17:11:49.176,37,100000,100,INSTITUTIONSHOMOPHILY,true,10,10,6,14,6,0.85,0.5,0,0,0.001,0.001,0,1200,1100,159,23,46,0.0,0.0,0.0,0.0,9,58,0.0,0.0,0.0,0.0,6,50,2,600,0,64,0,0,0,0,0,0,0,0,0
33,2016-04-14 17:11:49.176,40,100000,100,INSTITUTIONSHOMOPHILY,true,10,10,6,14,6,0.85,0.5,0,0,0.001,0.001,0,1300,1200,165,38,27,0.0,0.0,0.0,0.0,15,47,0.0,0.0,0.0,0.0,6,50,2,600,0,64,0,0,0,0,0,0,0,0,0
33,2016-04-14 17:11:49.176,43,100000,100,INSTITUTIONSHOMOPHILY,true,10,10,6,14,6,0.85,0.5,0,0,0.001,0.001,0,1400,1300,161,26,40,0.0,0.0,0.0,0.0,10,54,0.0,0.0,0.0,0.0,6,50,2,600,0,61,0,0,0,0,0,0,0,0,0
33,2016-04-14 17:11:49.176,45,100000,100,INSTITUTIONSHOMOPHILY,true,10,10,6,14,6,0.85,0.5,0,0,0.001,0.001,0,1500,1400,171,33,29,0.0,0.0,0.0,0.0,12,50,0.0,0.0,0.0,0.0,6,50,2,600,0,62,0,0,0,0,0,0,0,0,0
33,2016-04-14 17:11:49.176,48,100000,100,INSTITUTIONSHOMOPHILY,true,10,10,6,14,6,0.85,0.5,0,0,0.001,0.001,0,1600,1500,174,28,37,0.0,0.0,0.0,0.0,11,51,0.0,0.0,0.0,0.0,6,50,2,600,0,60,0,0,0,0,0,0,0,0,0
33,2016-04-14 17:11:49.176,51,100000,100,INSTITUTIONSHOMOPHILY,true,10,10,6,14,6,0.85,0.5,0,0,0.001,0.001,0,1700,1600,173,28,32,0.0,0.0,0.0,0.0,16,48,0.0,0.0,0.0,0.0,6,50,2,600,0,60,0,0,0,0,0,0,0,0,0
33,2016-04-14 17:11:49.176,54,100000,100,INSTITUTIONSHOMOPHILY,true,10,10,6,14,6,0.85,0.5,0,0,0.001,0.001,0,1800,1700,176,30,39,0.0,0.0,0.0,0.0,11,51,0.0,0.0,0.0,0.0,5,50,0,600,0,61,0,0,0,0,0,0,0,0,0
33,2016-04-14 17:11:49.176,56,100000,100,INSTITUTIONSHOMOPHILY,true,10,10,6,14,6,0.85,0.5,0,0,0.001,0.001,0,1900,1800,176,37,23,0.0,0.0,0.0,0.0,13,44,0.0,0.0,0.0,0.0,5,50,0,600,0,61,0,0,0,0,0,0,0,0,0
33,2016-04-14 17:11:49.176,59,100000,100,INSTITUTIONSHOMOPHILY,true,10,10,6,14,6,0.85,0.5,0,0,0.001,0.001,0,2000,1900,200,32,20,0.0,0.0,0.0,0.0,11,45,0.0,0.0,0.0,0.0,4,50,0,600,0,59,0,0,0,0,0,0,0,0,0
33,2016-04-14 17:11:49.176,63,100000,100,INSTITUTIONSHOMOPHILY,true,10,10,6,14,6,0.85,0.5,0,0,0.001,0.001,0,2100,2000,189,33,20,0.0,0.0,0.0,0.0,15,45,0.0,0.0,0.0,0.0,3,50,0,600,0,56,0,0,0,0,0,0,0,0,0
33,2016-04-14 17:11:49.176,65,100000,100,INSTITUTIONSHOMOPHILY,true,10,10,6,14,6,0.85,0.5,0,0,0.001,0.001,0,2200,2100,191,31,20,0.0,0.0,0.0,0.0,9,47,0.0,0.0,0.0,0.0,3,50,0,600,0,62,0,0,0,0,0,0,0,0,0
33,2016-04-14 17:11:49.176,80,100000,100,INSTITUTIONSHOMOPHILY,true,10,10,6,14,6,0.85,0.5,0,0,0.001,0.001,0,2300,2200,194,22,38,0.0,0.0,0.0,0.0,6,49,0.0,0.0,0.0,0.0,3,50,0,600,0,61,0,0,0,0,0,0,0,0,0
33,2016-04-14 17:11:49.176,82,100000,100,INSTITUTIONSHOMOPHILY,true,10,10,6,14,6,0.85,0.5,0,0,0.001,0.001,0,2400,2300,176,27,27,0.0,0.0,0.0,0.0,11,46,0.0,0.0,0.0,0.0,2,50,0,600,0,56,0,0,0,0,0,0,0,0,0
33,2016-04-14 17:11:49.176,85,100000,100,INSTITUTIONSHOMOPHILY,true,10,10,6,14,6,0.85,0.5,0,0,0.001,0.001,0,2500,2400,180,40,22,0.0,0.0,0.0,0.0,12,43,0.0,0.0,0.0,0.0,2,50,0,600,0,59,0,0,0,0,0,0,0,0,0
33,2016-04-14 17:11:49.176,87,100000,100,INSTITUTIONSHOMOPHILY,true,10,10,6,14,6,0.85,0.5,0,0,0.001,0.001,0,2600,2500,182,33,22,0.0,0.0,0.0,0.0,11,44,0.0,0.0,0.0,0.0,2,50,0,600,0,57,0,0,0,0,0,0,0,0,0
33,2016-04-14 17:11:49.176,90,100000,100,INSTITUTIONSHOMOPHILY,true,10,10,6,14,6,0.85,0.5,0,0,0.001,0.001,0,2700,2600,182,19,37,0.0,0.0,0.0,0.0,6,49,0.0,0.0,0.0,0.0,2,50,0,600,0,56,0,0,0,0,0,0,0,0,0
33,2016-04-14 17:11:49.176,93,100000,100,INSTITUTIONSHOMOPHILY,true,10,10,6,14,6,0.85,0.5,0,0,0.001,0.001,0,2800,2700,191,29,26,0.0,0.0,0.0,0.0,7,47,0.0,0.0,0.0,0.0,2,50,0,600,0,57,0,0,0,0,0,0,0,0,0
33,2016-04-14 17:11:49.176,97,100000,100,INSTITUTIONSHOMOPHILY,true,10,10,6,14,6,0.85,0.5,0,0,0.001,0.001,0,2900,2800,192,27,34,0.0,0.0,0.0,0.0,8,48,0.0,0.0,0.0,0.0,2,50,0,600,0,58,0,0,0,0,0,0,0,0,0
33,2016-04-14 17:11:49.176,100,100000,100,INSTITUTIONSHOMOPHILY,true,10,10,6,14,6,0.85,0.5,0,0,0.001,0.001,0,3000,2900,182,28,26,0.0,0.0,0.0,0.0,9,48,0.0,0.0,0.0,0.0,2,50,0,600,0,58,0,0,0,0,0,0,0,0,0
33,2016-04-14 17:11:49.176,102,100000,100,INSTITUTIONSHOMOPHILY,true,10,10,6,14,6,0.85,0.5,0,0,0.001,0.001,0,3100,3000,194,41,16,0.0,0.0,0.0,0.0,14,43,0.0,0.0,0.0,0.0,2,50,0,600,0,57,0,0,0,0,0,0,0,0,0
33,2016-04-14 17:11:49.176,105,100000,100,INSTITUTIONSHOMOPHILY,true,10,10,6,14,6,0.85,0.5,0,0,0.001,0.001,0,3200,3100,177,29,27,0.0,0.0,0.0,0.0,10,47,0.0,0.0,0.0,0.0,2,50,0,600,0,57,0,0,0,0,0,0,0,0,0
33,2016-04-14 17:11:49.176,108,100000,100,INSTITUTIONSHOMOPHILY,true,10,10,6,14,6,0.85,0.5,0,0,0.001,0.001,0,3300,3200,185,44,27,0.0,0.0,0.0,0.0,12,47,0.0,0.0,0.0,0.0,2,50,0,600,0,57,0,0,0,0,0,0,0,0,0
33,2016-04-14 17:11:49.176,110,100000,100,INSTITUTIONSHOMOPHILY,true,10,10,6,14,6,0.85,0.5,0,0,0.001,0.001,0,3400,3300,182,29,31,0.0,0.0,0.0,0.0,8,48,0.0,0.0,0.0,0.0,2,50,0,600,0,55,0,0,0,0,0,0,0,0,0
33,2016-04-14 17:11:49.176,115,100000,100,INSTITUTIONSHOMOPHILY,true,10,10,6,14,6,0.85,0.5,0,0,0.001,0.001,0,3500,3400,176,30,22,0.0,0.0,0.0,0.0,9,46,0.0,0.0,0.0,0.0,2,50,0,600,0,56,0,0,0,0,0,0,0,0,0
33,2016-04-14 17:11:49.176,118,100000,100,INSTITUTIONSHOMOPHILY,true,10,10,6,14,6,0.85,0.5,0,0,0.001,0.001,0,3600,3500,167,36,26,0.0,0.0,0.0,0.0,12,44,0.0,0.0,0.0,0.0,2,50,0,600,0,57,0,0,0,0,0,0,0,0,0
33,2016-04-14 17:11:49.176,120,100000,100,INSTITUTIONSHOMOPHILY,true,10,10,6,14,6,0.85,0.5,0,0,0.001,0.001,0,3700,3600,180,27,17,0.0,0.0,0.0,0.0,9,48,0.0,0.0,0.0,0.0,2,50,0,600,0,55,0,0,0,0,0,0,0,0,0
33,2016-04-14 17:11:49.176,123,100000,100,INSTITUTIONSHOMOPHILY,true,10,10,6,14,6,0.85,0.5,0,0,0.001,0.001,0,3800,3700,193,42,28,0.0,0.0,0.0,0.0,14,43,0.0,0.0,0.0,0.0,2,50,0,600,0,58,0,0,0,0,0,0,0,0,0
33,2016-04-14 17:11:49.176,126,100000,100,INSTITUTIONSHOMOPHILY,true,10,10,6,14,6,0.85,0.5,0,0,0.001,0.001,0,3900,3800,188,35,28,0.0,0.0,0.0,0.0,8,45,0.0,0.0,0.0,0.0,2,50,0,600,0,59,0,0,0,0,0,0,0,0,0
33,2016-04-14 17:11:49.176,129,100000,100,INSTITUTIONSHOMOPHILY,true,10,10,6,14,6,0.85,0.5,0,0,0.001,0.001,0,4000,3900,184,29,23,0.0,0.0,0.0,0.0,7,45,0.0,0.0,0.0,0.0,2,50,0,600,0,58,0,0,0,0,0,0,0,0,0
33,2016-04-14 17:11:49.176,131,100000,100,INSTITUTIONSHOMOPHILY,true,10,10,6,14,6,0.85,0.5,0,0,0.001,0.001,0,4100,4000,182,32,21,0.0,0.0,0.0,0.0,10,45,0.0,0.0,0.0,0.0,2,50,0,600,0,57,0,0,0,0,0,0,0,0,0
33,2016-04-14 17:11:49.176,134,100000,100,INSTITUTIONSHOMOPHILY,true,10,10,6,14,6,0.85,0.5,0,0,0.001,0.001,0,4200,4100,180,29,27,0.0,0.0,0.0,0.0,9,46,0.0,0.0,0.0,0.0,2,50,0,600,0,58,0,0,0,0,0,0,0,0,0
33,2016-04-14 17:11:49.176,137,100000,100,INSTITUTIONSHOMOPHILY,true,10,10,6,14,6,0.85,0.5,0,0,0.001,0.001,0,4300,4200,182,28,37,0.0,0.0,0.0,0.0,10,47,0.0,0.0,0.0,0.0,2,50,0,600,0,56,0,0,0,0,0,0,0,0,0
33,2016-04-14 17:11:49.176,139,100000,100,INSTITUTIONSHOMOPHILY,true,10,10,6,14,6,0.85,0.5,0,0,0.001,0.001,0,4400,4300,172,31,25,0.0,0.0,0.0,0.0,11,43,0.0,0.0,0.0,0.0,2,50,0,600,0,56,0,0,0,0,0,0,0,0,0
33,2016-04-14 17:11:49.176,142,100000,100,INSTITUTIONSHOMOPHILY,true,10,10,6,14,6,0.85,0.5,0,0,0.001,0.001,0,4500,4400,189,28,36,0.0,0.0,0.0,0.0,5,49,0.0,0.0,0.0,0.0,2,50,0,600,0,57,0,0,0,0,0,0,0,0,0
33,2016-04-14 17:11:49.176,145,100000,100,INSTITUTIONSHOMOPHILY,true,10,10,6,14,6,0.85,0.5,0,0,0.001,0.001,0,4600,4500,186,29,23,0.0,0.0,0.0,0.0,10,47,0.0,0.0,0.0,0.0,2,50,0,600,0,56,0,0,0,0,0,0,0,0,0
33,2016-04-14 17:11:49.176,148,100000,100,INSTITUTIONSHOMOPHILY,true,10,10,6,14,6,0.85,0.5,0,0,0.001,0.001,0,4700,4600,195,38,17,0.0,0.0,0.0,0.0,13,44,0.0,0.0,0.0,0.0,2,50,0,600,0,58,0,0,0,0,0,0,0,0,0
33,2016-04-14 17:11:49.176,151,100000,100,INSTITUTIONSHOMOPHILY,true,10,10,6,14,6,0.85,0.5,0,0,0.001,0.001,0,4800,4700,182,26,27,0.0,0.0,0.0,0.0,7,48,0.0,0.0,0.0,0.0,2,50,0,600,0,60,0,0,0,0,0,0,0,0,0
33,2016-04-14 17:11:49.176,154,100000,100,INSTITUTIONSHOMOPHILY,true,10,10,6,14,6,0.85,0.5,0,0,0.001,0.001,0,4900,4800,198,31,32,0.0,0.0,0.0,0.0,9,46,0.0,0.0,0.0,0.0,2,50,0,600,0,59,0,0,0,0,0,0,0,0,0
33,2016-04-14 17:11:49.176,156,100000,100,INSTITUTIONSHOMOPHILY,true,10,10,6,14,6,0.85,0.5,0,0,0.001,0.001,0,5000,4900,178,30,21,0.0,0.0,0.0,0.0,9,48,0.0,0.0,0.0,0.0,2,50,0,600,0,57,0,0,0,0,0,0,0,0,0
33,2016-04-14 17:11:49.176,159,100000,100,INSTITUTIONSHOMOPHILY,true,10,10,6,14,6,0.85,0.5,0,0,0.001,0.001,0,5100,5000,189,26,26,0.0,0.0,0.0,0.0,7,48,0.0,0.0,0.0,0.0,2,50,0,600,0,57,0,0,0,0,0,0,0,0,0
33,2016-04-14 17:11:49.176,162,100000,100,INSTITUTIONSHOMOPHILY,true,10,10,6,14,6,0.85,0.5,0,0,0.001,0.001,0,5200,5100,180,25,36,0.0,0.0,0.0,0.0,8,45,0.0,0.0,0.0,0.0,2,50,0,600,0,59,0,0,0,0,0,0,0,0,0
33,2016-04-14 17:11:49.176,165,100000,100,INSTITUTIONSHOMOPHILY,true,10,10,6,14,6,0.85,0.5,0,0,0.001,0.001,0,5300,5200,184,23,38,0.0,0.0,0.0,0.0,7,49,0.0,0.0,0.0,0.0,2,50,0,600,0,57,0,0,0,0,0,0,0,0,0
33,2016-04-14 17:11:49.176,168,100000,100,INSTITUTIONSHOMOPHILY,true,10,10,6,14,6,0.85,0.5,0,0,0.001,0.001,0,5400,5300,181,31,37,0.0,0.0,0.0,0.0,11,46,0.0,0.0,0.0,0.0,2,50,0,600,0,58,0,0,0,0,0,0,0,0,0
33,2016-04-14 17:11:49.176,170,100000,100,INSTITUTIONSHOMOPHILY,true,10,10,6,14,6,0.85,0.5,0,0,0.001,0.001,0,5500,5400,190,28,34,0.0,0.0,0.0,0.0,8,46,0.0,0.0,0.0,0.0,2,50,0,600,0,58,0,0,0,0,0,0,0,0,0
33,2016-04-14 17:11:49.176,173,100000,100,INSTITUTIONSHOMOPHILY,true,10,10,6,14,6,0.85,0.5,0,0,0.001,0.001,0,5600,5500,176,35,26,0.0,0.0,0.0,0.0,13,47,0.0,0.0,0.0,0.0,2,50,0,600,0,58,0,0,0,0,0,0,0,0,0
33,2016-04-14 17:11:49.176,175,100000,100,INSTITUTIONSHOMOPHILY,true,10,10,6,14,6,0.85,0.5,0,0,0.001,0.001,0,5700,5600,189,28,27,0.0,0.0,0.0,0.0,7,49,0.0,0.0,0.0,0.0,2,50,0,600,0,56,0,0,0,0,0,0,0,0,0
33,2016-04-14 17:11:49.176,178,100000,100,INSTITUTIONSHOMOPHILY,true,10,10,6,14,6,0.85,0.5,0,0,0.001,0.001,0,5800,5700,180,32,35,0.0,0.0,0.0,0.0,9,47,0.0,0.0,0.0,0.0,2,50,0,600,0,58,0,0,0,0,0,0,0,0,0
33,2016-04-14 17:11:49.176,188,100000,100,INSTITUTIONSHOMOPHILY,true,10,10,6,14,6,0.85,0.5,0,0,0.001,0.001,0,5900,5800,182,31,24,0.0,0.0,0.0,0.0,8,47,0.0,0.0,0.0,0.0,2,50,0,600,0,55,0,0,0,0,0,0,0,0,0
33,2016-04-14 17:11:49.176,191,100000,100,INSTITUTIONSHOMOPHILY,true,10,10,6,14,6,0.85,0.5,0,0,0.001,0.001,0,6000,5900,184,23,21,0.0,0.0,0.0,0.0,5,49,0.0,0.0,0.0,0.0,2,50,0,600,0,56,0,0,0,0,0,0,0,0,0
33,2016-04-14 17:11:49.176,194,100000,100,INSTITUTIONSHOMOPHILY,true,10,10,6,14,6,0.85,0.5,0,0,0.001,0.001,0,6100,6000,191,30,21,0.0,0.0,0.0,0.0,9,46,0.0,0.0,0.0,0.0,2,50,0,600,0,57,0,0,0,0,0,0,0,0,0
33,2016-04-14 17:11:49.176,196,100000,100,INSTITUTIONSHOMOPHILY,true,10,10,6,14,6,0.85,0.5,0,0,0.001,0.001,0,6200,6100,182,39,16,0.0,0.0,0.0,0.0,13,43,0.0,0.0,0.0,0.0,2,50,0,600,0,59,0,0,0,0,0,0,0,0,0
33,2016-04-14 17:11:49.176,200,100000,100,INSTITUTIONSHOMOPHILY,true,10,10,6,14,6,0.85,0.5,0,0,0.001,0.001,0,6300,6200,179,32,24,0.0,0.0,0.0,0.0,12,44,0.0,0.0,0.0,0.0,2,50,0,600,0,60,0,0,0,0,0,0,0,0,0
33,2016-04-14 17:11:49.176,203,100000,100,INSTITUTIONSHOMOPHILY,true,10,10,6,14,6,0.85,0.5,0,0,0.001,0.001,0,6400,6300,178,28,25,0.0,0.0,0.0,0.0,7,47,0.0,0.0,0.0,0.0,2,50,0,600,0,55,0,0,0,0,0,0,0,0,0
33,2016-04-14 17:11:49.176,205,100000,100,INSTITUTIONSHOMOPHILY,true,10,10,6,14,6,0.85,0.5,0,0,0.001,0.001,0,6500,6400,186,33,19,0.0,0.0,0.0,0.0,10,48,0.0,0.0,0.0,0.0,2,50,0,600,0,57,0,0,0,0,0,0,0,0,0
33,2016-04-14 17:11:49.176,208,100000,100,INSTITUTIONSHOMOPHILY,true,10,10,6,14,6,0.85,0.5,0,0,0.001,0.001,0,6600,6500,186,27,30,0.0,0.0,0.0,0.0,8,46,0.0,0.0,0.0,0.0,2,50,0,600,0,60,0,0,0,0,0,0,0,0,0
33,2016-04-14 17:11:49.176,210,100000,100,INSTITUTIONSHOMOPHILY,true,10,10,6,14,6,0.85,0.5,0,0,0.001,0.001,0,6700,6600,185,42,20,0.0,0.0,0.0,0.0,13,44,0.0,0.0,0.0,0.0,2,50,0,600,0,58,0,0,0,0,0,0,0,0,0
33,2016-04-14 17:11:49.176,213,100000,100,INSTITUTIONSHOMOPHILY,true,10,10,6,14,6,0.85,0.5,0,0,0.001,0.001,0,6800,6700,176,28,26,0.0,0.0,0.0,0.0,10,48,0.0,0.0,0.0,0.0,2,50,0,600,0,55,0,0,0,0,0,0,0,0,0
33,2016-04-14 17:11:49.176,215,100000,100,INSTITUTIONSHOMOPHILY,true,10,10,6,14,6,0.85,0.5,0,0,0.001,0.001,0,6900,6800,181,37,18,0.0,0.0,0.0,0.0,11,45,0.0,0.0,0.0,0.0,2,50,0,600,0,59,0,0,0,0,0,0,0,0,0
33,2016-04-14 17:11:49.176,218,100000,100,INSTITUTIONSHOMOPHILY,true,10,10,6,14,6,0.85,0.5,0,0,0.001,0.001,0,7000,6900,175,29,26,0.0,0.0,0.0,0.0,10,45,0.0,0.0,0.0,0.0,2,50,0,600,0,56,0,0,0,0,0,0,0,0,0
33,2016-04-14 17:11:49.176,221,100000,100,INSTITUTIONSHOMOPHILY,true,10,10,6,14,6,0.85,0.5,0,0,0.001,0.001,0,7100,7000,185,32,32,0.0,0.0,0.0,0.0,8,46,0.0,0.0,0.0,0.0,2,50,0,600,0,57,0,0,0,0,0,0,0,0,0
33,2016-04-14 17:11:49.176,223,100000,100,INSTITUTIONSHOMOPHILY,true,10,10,6,14,6,0.85,0.5,0,0,0.001,0.001,0,7200,7100,184,31,22,0.0,0.0,0.0,0.0,8,47,0.0,0.0,0.0,0.0,2,50,0,600,0,56,0,0,0,0,0,0,0,0,0
33,2016-04-14 17:11:49.176,226,100000,100,INSTITUTIONSHOMOPHILY,true,10,10,6,14,6,0.85,0.5,0,0,0.001,0.001,0,7300,7200,182,36,23,0.0,0.0,0.0,0.0,12,44,0.0,0.0,0.0,0.0,2,50,0,600,0,57,0,0,0,0,0,0,0,0,0
33,2016-04-14 17:11:49.176,234,100000,100,INSTITUTIONSHOMOPHILY,true,10,10,6,14,6,0.85,0.5,0,0,0.001,0.001,0,7400,7300,185,33,25,0.0,0.0,0.0,0.0,9,47,0.0,0.0,0.0,0.0,2,50,0,600,0,57,0,0,0,0,0,0,0,0,0
33,2016-04-14 17:11:49.176,236,100000,100,INSTITUTIONSHOMOPHILY,true,10,10,6,14,6,0.85,0.5,0,0,0.001,0.001,0,7500,7400,197,32,27,0.0,0.0,0.0,0.0,13,46,0.0,0.0,0.0,0.0,2,50,0,600,0,56,0,0,0,0,0,0,0,0,0
33,2016-04-14 17:11:49.176,240,100000,100,INSTITUTIONSHOMOPHILY,true,10,10,6,14,6,0.85,0.5,0,0,0.001,0.001,0,7600,7500,190,25,27,0.0,0.0,0.0,0.0,7,49,0.0,0.0,0.0,0.0,2,50,0,600,0,57,0,0,0,0,0,0,0,0,0
33,2016-04-14 17:11:49.176,243,100000,100,INSTITUTIONSHOMOPHILY,true,10,10,6,14,6,0.85,0.5,0,0,0.001,0.001,0,7700,7600,183,32,26,0.0,0.0,0.0,0.0,8,47,0.0,0.0,0.0,0.0,2,50,0,600,0,57,0,0,0,0,0,0,0,0,0
33,2016-04-14 17:11:49.176,245,100000,100,INSTITUTIONSHOMOPHILY,true,10,10,6,14,6,0.85,0.5,0,0,0.001,0.001,0,7800,7700,192,31,17,0.0,0.0,0.0,0.0,9,46,0.0,0.0,0.0,0.0,2,50,0,600,0,56,0,0,0,0,0,0,0,0,0
33,2016-04-14 17:11:49.176,248,100000,100,INSTITUTIONSHOMOPHILY,true,10,10,6,14,6,0.85,0.5,0,0,0.001,0.001,0,7900,7800,186,31,19,0.0,0.0,0.0,0.0,10,45,0.0,0.0,0.0,0.0,2,50,0,600,0,56,0,0,0,0,0,0,0,0,0
33,2016-04-14 17:11:49.176,251,100000,100,INSTITUTIONSHOMOPHILY,true,10,10,6,14,6,0.85,0.5,0,0,0.001,0.001,0,8000,7900,184,25,26,0.0,0.0,0.0,0.0,6,48,0.0,0.0,0.0,0.0,2,50,0,600,0,58,0,0,0,0,0,0,0,0,0
33,2016-04-14 17:11:49.176,254,100000,100,INSTITUTIONSHOMOPHILY,true,10,10,6,14,6,0.85,0.5,0,0,0.001,0.001,0,8100,8000,186,22,24,0.0,0.0,0.0,0.0,6,49,0.0,0.0,0.0,0.0,2,50,0,600,0,57,0,0,0,0,0,0,0,0,0
33,2016-04-14 17:11:49.176,256,100000,100,INSTITUTIONSHOMOPHILY,true,10,10,6,14,6,0.85,0.5,0,0,0.001,0.001,0,8200,8100,183,26,35,0.0,0.0,0.0,0.0,8,46,0.0,0.0,0.0,0.0,2,50,0,600,0,56,0,0,0,0,0,0,0,0,0
33,2016-04-14 17:11:49.176,259,100000,100,INSTITUTIONSHOMOPHILY,true,10,10,6,14,6,0.85,0.5,0,0,0.001,0.001,0,8300,8200,182,34,26,0.0,0.0,0.0,0.0,11,47,0.0,0.0,0.0,0.0,2,50,0,600,0,56,0,0,0,0,0,0,0,0,0
33,2016-04-14 17:11:49.176,266,100000,100,INSTITUTIONSHOMOPHILY,true,10,10,6,14,6,0.85,0.5,0,0,0.001,0.001,0,8400,8300,184,35,19,0.0,0.0,0.0,0.0,11,46,0.0,0.0,0.0,0.0,2,50,0,600,0,58,0,0,0,0,0,0,0,0,0
33,2016-04-14 17:11:49.176,269,100000,100,INSTITUTIONSHOMOPHILY,true,10,10,6,14,6,0.85,0.5,0,0,0.001,0.001,0,8500,8400,188,32,20,0.0,0.0,0.0,0.0,10,46,0.0,0.0,0.0,0.0,2,50,0,600,0,58,0,0,0,0,0,0,0,0,0
33,2016-04-14 17:11:49.176,272,100000,100,INSTITUTIONSHOMOPHILY,true,10,10,6,14,6,0.85,0.5,0,0,0.001,0.001,0,8600,8500,189,22,38,0.0,0.0,0.0,0.0,7,49,0.0,0.0,0.0,0.0,2,50,0,600,0,58,0,0,0,0,0,0,0,0,0
33,2016-04-14 17:11:49.176,275,100000,100,INSTITUTIONSHOMOPHILY,true,10,10,6,14,6,0.85,0.5,0,0,0.001,0.001,0,8700,8600,183,25,28,0.0,0.0,0.0,0.0,7,49,0.0,0.0,0.0,0.0,2,50,0,600,0,58,0,0,0,0,0,0,0,0,0
33,2016-04-14 17:11:49.176,280,100000,100,INSTITUTIONSHOMOPHILY,true,10,10,6,14,6,0.85,0.5,0,0,0.001,0.001,0,8800,8700,184,34,27,0.0,0.0,0.0,0.0,10,45,0.0,0.0,0.0,0.0,2,50,0,600,0,58,0,0,0,0,0,0,0,0,0
33,2016-04-14 17:11:49.176,282,100000,100,INSTITUTIONSHOMOPHILY,true,10,10,6,14,6,0.85,0.5,0,0,0.001,0.001,0,8900,8800,180,21,39,0.0,0.0,0.0,0.0,6,50,0.0,0.0,0.0,0.0,2,50,0,600,0,58,0,0,0,0,0,0,0,0,0
33,2016-04-14 17:11:49.176,285,100000,100,INSTITUTIONSHOMOPHILY,true,10,10,6,14,6,0.85,0.5,0,0,0.001,0.001,0,9000,8900,178,32,32,0.0,0.0,0.0,0.0,12,45,0.0,0.0,0.0,0.0,2,50,0,600,0,57,0,0,0,0,0,0,0,0,0
33,2016-04-14 17:11:49.176,287,100000,100,INSTITUTIONSHOMOPHILY,true,10,10,6,14,6,0.85,0.5,0,0,0.001,0.001,0,9100,9000,186,37,25,0.0,0.0,0.0,0.0,14,42,0.0,0.0,0.0,0.0,2,50,0,600,0,57,0,0,0,0,0,0,0,0,0
33,2016-04-14 17:11:49.176,290,100000,100,INSTITUTIONSHOMOPHILY,true,10,10,6,14,6,0.85,0.5,0,0,0.001,0.001,0,9200,9100,187,38,21,0.0,0.0,0.0,0.0,9,44,0.0,0.0,0.0,0.0,2,50,0,600,0,56,0,0,0,0,0,0,0,0,0
33,2016-04-14 17:11:49.176,293,100000,100,INSTITUTIONSHOMOPHILY,true,10,10,6,14,6,0.85,0.5,0,0,0.001,0.001,0,9300,9200,203,41,15,0.0,0.0,0.0,0.0,11,47,0.0,0.0,0.0,0.0,2,50,0,600,0,58,0,0,0,0,0,0,0,0,0
33,2016-04-14 17:11:49.176,295,100000,100,INSTITUTIONSHOMOPHILY,true,10,10,6,14,6,0.85,0.5,0,0,0.001,0.001,0,9400,9300,183,39,13,0.0,0.0,0.0,0.0,11,44,0.0,0.0,0.0,0.0,2,50,0,600,0,57,0,0,0,0,0,0,0,0,0
33,2016-04-14 17:11:49.176,298,100000,100,INSTITUTIONSHOMOPHILY,true,10,10,6,14,6,0.85,0.5,0,0,0.001,0.001,0,9500,9400,180,38,25,0.0,0.0,0.0,0.0,13,45,0.0,0.0,0.0,0.0,2,50,0,600,0,58,0,0,0,0,0,0,0,0,0
33,2016-04-14 17:11:49.176,301,100000,100,INSTITUTIONSHOMOPHILY,true,10,10,6,14,6,0.85,0.5,0,0,0.001,0.001,0,9600,9500,188,19,38,0.0,0.0,0.0,0.0,3,50,0.0,0.0,0.0,0.0,2,50,0,600,0,57,0,0,0,0,0,0,0,0,0
33,2016-04-14 17:11:49.176,303,100000,100,INSTITUTIONSHOMOPHILY,true,10,10,6,14,6,0.85,0.5,0,0,0.001,0.001,0,9700,9600,186,28,27,0.0,0.0,0.0,0.0,10,46,0.0,0.0,0.0,0.0,2,50,0,600,0,55,0,0,0,0,0,0,0,0,0
33,2016-04-14 17:11:49.176,306,100000,100,INSTITUTIONSHOMOPHILY,true,10,10,6,14,6,0.85,0.5,0,0,0.001,0.001,0,9800,9700,175,33,27,0.0,0.0,0.0,0.0,13,46,0.0,0.0,0.0,0.0,2,50,0,600,0,56,0,0,0,0,0,0,0,0,0
33,2016-04-14 17:11:49.176,308,100000,100,INSTITUTIONSHOMOPHILY,true,10,10,6,14,6,0.85,0.5,0,0,0.001,0.001,0,9900,9800,188,27,27,0.0,0.0,0.0,0.0,7,48,0.0,0.0,0.0,0.0,2,50,0,600,0,57,0,0,0,0,0,0,0,0,0
33,2016-04-14 17:11:49.176,311,100000,100,INSTITUTIONSHOMOPHILY,true,10,10,6,14,6,0.85,0.5,0,0,0.001,0.001,0,10000,9900,181,36,23,0.0,0.0,0.0,0.0,11,45,0.0,0.0,0.0,0.0,2,50,0,600,0,55,0,0,0,0,0,0,0,0,0
33,2016-04-14 17:11:49.176,314,100000,100,INSTITUTIONSHOMOPHILY,true,10,10,6,14,6,0.85,0.5,0,0,0.001,0.001,0,10100,10000,189,30,19,0.0,0.0,0.0,0.0,10,46,0.0,0.0,0.0,0.0,2,50,0,600,0,59,0,0,0,0,0,0,0,0,0
33,2016-04-14 17:11:49.176,316,100000,100,INSTITUTIONSHOMOPHILY,true,10,10,6,14,6,0.85,0.5,0,0,0.001,0.001,0,10200,10100,176,37,25,0.0,0.0,0.0,0.0,14,44,0.0,0.0,0.0,0.0,2,50,0,600,0,60,0,0,0,0,0,0,0,0,0
33,2016-04-14 17:11:49.176,319,100000,100,INSTITUTIONSHOMOPHILY,true,10,10,6,14,6,0.85,0.5,0,0,0.001,0.001,0,10300,10200,178,28,25,0.0,0.0,0.0,0.0,11,46,0.0,0.0,0.0,0.0,2,50,0,600,0,56,0,0,0,0,0,0,0,0,0
33,2016-04-14 17:11:49.176,321,100000,100,INSTITUTIONSHOMOPHILY,true,10,10,6,14,6,0.85,0.5,0,0,0.001,0.001,0,10400,10300,186,27,38,0.0,0.0,0.0,0.0,8,49,0.0,0.0,0.0,0.0,2,50,0,600,0,57,0,0,0,0,0,0,0,0,0
33,2016-04-14 17:11:49.176,324,100000,100,INSTITUTIONSHOMOPHILY,true,10,10,6,14,6,0.85,0.5,0,0,0.001,0.001,0,10500,10400,181,35,23,0.0,0.0,0.0,0.0,10,46,0.0,0.0,0.0,0.0,2,50,0,600,0,58,0,0,0,0,0,0,0,0,0
33,2016-04-14 17:11:49.176,326,100000,100,INSTITUTIONSHOMOPHILY,true,10,10,6,14,6,0.85,0.5,0,0,0.001,0.001,0,10600,10500,186,46,25,0.0,0.0,0.0,0.0,16,40,0.0,0.0,0.0,0.0,2,50,0,600,0,58,0,0,0,0,0,0,0,0,0
33,2016-04-14 17:11:49.176,329,100000,100,INSTITUTIONSHOMOPHILY,true,10,10,6,14,6,0.85,0.5,0,0,0.001,0.001,0,10700,10600,193,30,19,0.0,0.0,0.0,0.0,10,47,0.0,0.0,0.0,0.0,2,50,0,600,0,57,0,0,0,0,0,0,0,0,0
33,2016-04-14 17:11:49.176,332,100000,100,INSTITUTIONSHOMOPHILY,true,10,10,6,14,6,0.85,0.5,0,0,0.001,0.001,0,10800,10700,188,30,38,0.0,0.0,0.0,0.0,8,50,0.0,0.0,0.0,0.0,2,50,0,600,0,60,0,0,0,0,0,0,0,0,0
33,2016-04-14 17:11:49.176,339,100000,100,INSTITUTIONSHOMOPHILY,true,10,10,6,14,6,0.85,0.5,0,0,0.001,0.001,0,10900,10800,197,29,32,0.0,0.0,0.0,0.0,8,47,0.0,0.0,0.0,0.0,2,50,0,600,0,57,0,0,0,0,0,0,0,0,0
33,2016-04-14 17:11:49.176,342,100000,100,INSTITUTIONSHOMOPHILY,true,10,10,6,14,6,0.85,0.5,0,0,0.001,0.001,0,11000,10900,190,32,27,0.0,0.0,0.0,0.0,11,47,0.0,0.0,0.0,0.0,2,50,0,600,0,54,0,0,0,0,0,0,0,0,0
33,2016-04-14 17:11:49.176,346,100000,100,INSTITUTIONSHOMOPHILY,true,10,10,6,14,6,0.85,0.5,0,0,0.001,0.001,0,11100,11000,184,32,20,0.0,0.0,0.0,0.0,9,46,0.0,0.0,0.0,0.0,2,50,0,600,0,59,0,0,0,0,0,0,0,0,0
33,2016-04-14 17:11:49.176,348,100000,100,INSTITUTIONSHOMOPHILY,true,10,10,6,14,6,0.85,0.5,0,0,0.001,0.001,0,11200,11100,191,41,18,0.0,0.0,0.0,0.0,13,43,0.0,0.0,0.0,0.0,2,50,0,600,0,56,0,0,0,0,0,0,0,0,0
33,2016-04-14 17:11:49.176,351,100000,100,INSTITUTIONSHOMOPHILY,true,10,10,6,14,6,0.85,0.5,0,0,0.001,0.001,0,11300,11200,172,21,33,0.0,0.0,0.0,0.0,8,50,0.0,0.0,0.0,0.0,2,50,0,600,0,56,0,0,0,0,0,0,0,0,0
33,2016-04-14 17:11:49.176,354,100000,100,INSTITUTIONSHOMOPHILY,true,10,10,6,14,6,0.85,0.5,0,0,0.001,0.001,0,11400,11300,188,26,25,0.0,0.0,0.0,0.0,7,47,0.0,0.0,0.0,0.0,2,50,0,600,0,58,0,0,0,0,0,0,0,0,0
33,2016-04-14 17:11:49.176,357,100000,100,INSTITUTIONSHOMOPHILY,true,10,10,6,14,6,0.85,0.5,0,0,0.001,0.001,0,11500,11400,187,23,27,0.0,0.0,0.0,0.0,7,48,0.0,0.0,0.0,0.0,2,50,0,600,0,58,0,0,0,0,0,0,0,0,0
33,2016-04-14 17:11:49.176,360,100000,100,INSTITUTIONSHOMOPHILY,true,10,10,6,14,6,0.85,0.5,0,0,0.001,0.001,0,11600,11500,184,23,27,0.0,0.0,0.0,0.0,4,49,0.0,0.0,0.0,0.0,2,50,0,600,0,55,0,0,0,0,0,0,0,0,0
33,2016-04-14 17:11:49.176,363,100000,100,INSTITUTIONSHOMOPHILY,true,10,10,6,14,6,0.85,0.5,0,0,0.001,0.001,0,11700,11600,182,28,34,0.0,0.0,0.0,0.0,7,47,0.0,0.0,0.0,0.0,2,50,0,600,0,57,0,0,0,0,0,0,0,0,0
33,2016-04-14 17:11:49.176,366,100000,100,INSTITUTIONSHOMOPHILY,true,10,10,6,14,6,0.85,0.5,0,0,0.001,0.001,0,11800,11700,177,34,27,0.0,0.0,0.0,0.0,12,43,0.0,0.0,0.0,0.0,2,50,0,600,0,52,0,0,0,0,0,0,0,0,0
33,2016-04-14 17:11:49.176,368,100000,100,INSTITUTIONSHOMOPHILY,true,10,10,6,14,6,0.85,0.5,0,0,0.001,0.001,0,11900,11800,184,33,24,0.0,0.0,0.0,0.0,8,46,0.0,0.0,0.0,0.0,2,50,0,600,0,55,0,0,0,0,0,0,0,0,0
33,2016-04-14 17:11:49.176,371,100000,100,INSTITUTIONSHOMOPHILY,true,10,10,6,14,6,0.85,0.5,0,0,0.001,0.001,0,12000,11900,190,29,37,0.0,0.0,0.0,0.0,8,49,0.0,0.0,0.0,0.0,2,50,0,600,0,60,0,0,0,0,0,0,0,0,0
33,2016-04-14 17:11:49.176,373,100000,100,INSTITUTIONSHOMOPHILY,true,10,10,6,14,6,0.85,0.5,0,0,0.001,0.001,0,12100,12000,181,22,36,0.0,0.0,0.0,0.0,7,48,0.0,0.0,0.0,0.0,2,50,0,600,0,58,0,0,0,0,0,0,0,0,0
33,2016-04-14 17:11:49.176,376,100000,100,INSTITUTIONSHOMOPHILY,true,10,10,6,14,6,0.85,0.5,0,0,0.001,0.001,0,12200,12100,179,32,22,0.0,0.0,0.0,0.0,9,44,0.0,0.0,0.0,0.0,2,50,0,600,0,56,0,0,0,0,0,0,0,0,0
33,2016-04-14 17:11:49.176,380,100000,100,INSTITUTIONSHOMOPHILY,true,10,10,6,14,6,0.85,0.5,0,0,0.001,0.001,0,12300,12200,184,38,22,0.0,0.0,0.0,0.0,11,43,0.0,0.0,0.0,0.0,2,50,0,600,0,58,0,0,0,0,0,0,0,0,0
33,2016-04-14 17:11:49.176,383,100000,100,INSTITUTIONSHOMOPHILY,true,10,10,6,14,6,0.85,0.5,0,0,0.001,0.001,0,12400,12300,185,29,26,0.0,0.0,0.0,0.0,9,46,0.0,0.0,0.0,0.0,2,50,0,600,0,56,0,0,0,0,0,0,0,0,0
33,2016-04-14 17:11:49.176,385,100000,100,INSTITUTIONSHOMOPHILY,true,10,10,6,14,6,0.85,0.5,0,0,0.001,0.001,0,12500,12400,171,25,27,0.0,0.0,0.0,0.0,6,48,0.0,0.0,0.0,0.0,2,50,0,600,0,58,0,0,0,0,0,0,0,0,0
33,2016-04-14 17:11:49.176,388,100000,100,INSTITUTIONSHOMOPHILY,true,10,10,6,14,6,0.85,0.5,0,0,0.001,0.001,0,12600,12500,188,28,21,0.0,0.0,0.0,0.0,6,48,0.0,0.0,0.0,0.0,2,50,0,600,0,56,0,0,0,0,0,0,0,0,0
33,2016-04-14 17:11:49.176,390,100000,100,INSTITUTIONSHOMOPHILY,true,10,10,6,14,6,0.85,0.5,0,0,0.001,0.001,0,12700,12600,178,37,21,0.0,0.0,0.0,0.0,13,43,0.0,0.0,0.0,0.0,2,50,0,600,0,62,0,0,0,0,0,0,0,0,0
33,2016-04-14 17:11:49.176,398,100000,100,INSTITUTIONSHOMOPHILY,true,10,10,6,14,6,0.85,0.5,0,0,0.001,0.001,0,12800,12700,184,30,32,0.0,0.0,0.0,0.0,8,46,0.0,0.0,0.0,0.0,2,50,0,600,0,59,0,0,0,0,0,0,0,0,0
33,2016-04-14 17:11:49.176,401,100000,100,INSTITUTIONSHOMOPHILY,true,10,10,6,14,6,0.85,0.5,0,0,0.001,0.001,0,12900,12800,181,33,21,0.0,0.0,0.0,0.0,11,44,0.0,0.0,0.0,0.0,2,50,0,600,0,56,0,0,0,0,0,0,0,0,0
33,2016-04-14 17:11:49.176,403,100000,100,INSTITUTIONSHOMOPHILY,true,10,10,6,14,6,0.85,0.5,0,0,0.001,0.001,0,13000,12900,170,27,35,0.0,0.0,0.0,0.0,10,46,0.0,0.0,0.0,0.0,2,50,0,600,0,57,0,0,0,0,0,0,0,0,0
33,2016-04-14 17:11:49.176,406,100000,100,INSTITUTIONSHOMOPHILY,true,10,10,6,14,6,0.85,0.5,0,0,0.001,0.001,0,13100,13000,193,33,31,0.0,0.0,0.0,0.0,9,47,0.0,0.0,0.0,0.0,2,50,0,600,0,60,0,0,0,0,0,0,0,0,0
33,2016-04-14 17:11:49.176,409,100000,100,INSTITUTIONSHOMOPHILY,true,10,10,6,14,6,0.85,0.5,0,0,0.001,0.001,0,13200,13100,193,27,28,0.0,0.0,0.0,0.0,7,48,0.0,0.0,0.0,0.0,2,50,0,600,0,58,0,0,0,0,0,0,0,0,0
33,2016-04-14 17:11:49.176,413,100000,100,INSTITUTIONSHOMOPHILY,true,10,10,6,14,6,0.85,0.5,0,0,0.001,0.001,0,13300,13200,186,28,25,0.0,0.0,0.0,0.0,9,47,0.0,0.0,0.0,0.0,2,50,0,600,0,59,0,0,0,0,0,0,0,0,0
33,2016-04-14 17:11:49.176,416,100000,100,INSTITUTIONSHOMOPHILY,true,10,10,6,14,6,0.85,0.5,0,0,0.001,0.001,0,13400,13300,185,25,26,0.0,0.0,0.0,0.0,8,47,0.0,0.0,0.0,0.0,2,50,0,600,0,58,0,0,0,0,0,0,0,0,0
33,2016-04-14 17:11:49.176,418,100000,100,INSTITUTIONSHOMOPHILY,true,10,10,6,14,6,0.85,0.5,0,0,0.001,0.001,0,13500,13400,195,27,25,0.0,0.0,0.0,0.0,9,47,0.0,0.0,0.0,0.0,2,50,0,600,0,56,0,0,0,0,0,0,0,0,0
33,2016-04-14 17:11:49.176,422,100000,100,INSTITUTIONSHOMOPHILY,true,10,10,6,14,6,0.85,0.5,0,0,0.001,0.001,0,13600,13500,179,32,21,0.0,0.0,0.0,0.0,11,44,0.0,0.0,0.0,0.0,2,50,0,600,0,58,0,0,0,0,0,0,0,0,0
33,2016-04-14 17:11:49.176,424,100000,100,INSTITUTIONSHOMOPHILY,true,10,10,6,14,6,0.85,0.5,0,0,0.001,0.001,0,13700,13600,177,35,25,0.0,0.0,0.0,0.0,12,43,0.0,0.0,0.0,0.0,2,50,0,600,0,57,0,0,0,0,0,0,0,0,0
33,2016-04-14 17:11:49.176,428,100000,100,INSTITUTIONSHOMOPHILY,true,10,10,6,14,6,0.85,0.5,0,0,0.001,0.001,0,13800,13700,185,28,28,0.0,0.0,0.0,0.0,9,49,0.0,0.0,0.0,0.0,2,50,0,600,0,58,0,0,0,0,0,0,0,0,0
33,2016-04-14 17:11:49.176,431,100000,100,INSTITUTIONSHOMOPHILY,true,10,10,6,14,6,0.85,0.5,0,0,0.001,0.001,0,13900,13800,178,32,21,0.0,0.0,0.0,0.0,11,46,0.0,0.0,0.0,0.0,2,50,0,600,0,52,0,0,0,0,0,0,0,0,0
33,2016-04-14 17:11:49.176,435,100000,100,INSTITUTIONSHOMOPHILY,true,10,10,6,14,6,0.85,0.5,0,0,0.001,0.001,0,14000,13900,187,31,25,0.0,0.0,0.0,0.0,9,45,0.0,0.0,0.0,0.0,2,50,0,600,0,59,0,0,0,0,0,0,0,0,0
33,2016-04-14 17:11:49.176,438,100000,100,INSTITUTIONSHOMOPHILY,true,10,10,6,14,6,0.85,0.5,0,0,0.001,0.001,0,14100,14000,181,33,16,0.0,0.0,0.0,0.0,11,46,0.0,0.0,0.0,0.0,2,50,0,600,0,56,0,0,0,0,0,0,0,0,0
33,2016-04-14 17:11:49.176,440,100000,100,INSTITUTIONSHOMOPHILY,true,10,10,6,14,6,0.85,0.5,0,0,0.001,0.001,0,14200,14100,191,30,36,0.0,0.0,0.0,0.0,8,47,0.0,0.0,0.0,0.0,2,50,0,600,0,57,0,0,0,0,0,0,0,0,0
33,2016-04-14 17:11:49.176,444,100000,100,INSTITUTIONSHOMOPHILY,true,10,10,6,14,6,0.85,0.5,0,0,0.001,0.001,0,14300,14200,177,36,18,0.0,0.0,0.0,0.0,17,43,0.0,0.0,0.0,0.0,2,50,0,600,0,56,0,0,0,0,0,0,0,0,0
33,2016-04-14 17:11:49.176,447,100000,100,INSTITUTIONSHOMOPHILY,true,10,10,6,14,6,0.85,0.5,0,0,0.001,0.001,0,14400,14300,178,45,19,0.0,0.0,0.0,0.0,14,43,0.0,0.0,0.0,0.0,2,50,0,600,0,53,0,0,0,0,0,0,0,0,0
33,2016-04-14 17:11:49.176,450,100000,100,INSTITUTIONSHOMOPHILY,true,10,10,6,14,6,0.85,0.5,0,0,0.001,0.001,0,14500,14400,181,38,21,0.0,0.0,0.0,0.0,13,43,0.0,0.0,0.0,0.0,2,50,0,600,0,57,0,0,0,0,0,0,0,0,0
33,2016-04-14 17:11:49.176,452,100000,100,INSTITUTIONSHOMOPHILY,true,10,10,6,14,6,0.85,0.5,0,0,0.001,0.001,0,14600,14500,184,31,34,0.0,0.0,0.0,0.0,10,46,0.0,0.0,0.0,0.0,2,50,0,600,0,57,0,0,0,0,0,0,0,0,0
33,2016-04-14 17:11:49.176,455,100000,100,INSTITUTIONSHOMOPHILY,true,10,10,6,14,6,0.85,0.5,0,0,0.001,0.001,0,14700,14600,181,27,38,0.0,0.0,0.0,0.0,9,48,0.0,0.0,0.0,0.0,2,50,0,600,0,59,0,0,0,0,0,0,0,0,0
33,2016-04-14 17:11:49.176,458,100000,100,INSTITUTIONSHOMOPHILY,true,10,10,6,14,6,0.85,0.5,0,0,0.001,0.001,0,14800,14700,181,33,26,0.0,0.0,0.0,0.0,11,44,0.0,0.0,0.0,0.0,2,50,0,600,0,57,0,0,0,0,0,0,0,0,0
33,2016-04-14 17:11:49.176,462,100000,100,INSTITUTIONSHOMOPHILY,true,10,10,6,14,6,0.85,0.5,0,0,0.001,0.001,0,14900,14800,186,24,26,0.0,0.0,0.0,0.0,4,48,0.0,0.0,0.0,0.0,2,50,0,600,0,57,0,0,0,0,0,0,0,0,0
33,2016-04-14 17:11:49.176,464,100000,100,INSTITUTIONSHOMOPHILY,true,10,10,6,14,6,0.85,0.5,0,0,0.001,0.001,0,15000,14900,181,25,31,0.0,0.0,0.0,0.0,7,47,0.0,0.0,0.0,0.0,2,50,0,600,0,56,0,0,0,0,0,0,0,0,0
33,2016-04-14 17:11:49.176,467,100000,100,INSTITUTIONSHOMOPHILY,true,10,10,6,14,6,0.85,0.5,0,0,0.001,0.001,0,15100,15000,185,29,37,0.0,0.0,0.0,0.0,5,48,0.0,0.0,0.0,0.0,2,50,0,600,0,56,0,0,0,0,0,0,0,0,0
33,2016-04-14 17:11:49.176,470,100000,100,INSTITUTIONSHOMOPHILY,true,10,10,6,14,6,0.85,0.5,0,0,0.001,0.001,0,15200,15100,186,38,13,0.0,0.0,0.0,0.0,11,45,0.0,0.0,0.0,0.0,2,50,0,600,0,55,0,0,0,0,0,0,0,0,0
33,2016-04-14 17:11:49.176,472,100000,100,INSTITUTIONSHOMOPHILY,true,10,10,6,14,6,0.85,0.5,0,0,0.001,0.001,0,15300,15200,182,27,27,0.0,0.0,0.0,0.0,10,46,0.0,0.0,0.0,0.0,2,50,0,600,0,56,0,0,0,0,0,0,0,0,0
33,2016-04-14 17:11:49.176,475,100000,100,INSTITUTIONSHOMOPHILY,true,10,10,6,14,6,0.85,0.5,0,0,0.001,0.001,0,15400,15300,185,28,33,0.0,0.0,0.0,0.0,9,48,0.0,0.0,0.0,0.0,2,50,0,600,0,55,0,0,0,0,0,0,0,0,0
33,2016-04-14 17:11:49.176,478,100000,100,INSTITUTIONSHOMOPHILY,true,10,10,6,14,6,0.85,0.5,0,0,0.001,0.001,0,15500,15400,176,27,36,0.0,0.0,0.0,0.0,9,45,0.0,0.0,0.0,0.0,2,50,0,600,0,58,0,0,0,0,0,0,0,0,0
33,2016-04-14 17:11:49.176,480,100000,100,INSTITUTIONSHOMOPHILY,true,10,10,6,14,6,0.85,0.5,0,0,0.001,0.001,0,15600,15500,179,26,26,0.0,0.0,0.0,0.0,10,46,0.0,0.0,0.0,0.0,2,50,0,600,0,60,0,0,0,0,0,0,0,0,0
33,2016-04-14 17:11:49.176,488,100000,100,INSTITUTIONSHOMOPHILY,true,10,10,6,14,6,0.85,0.5,0,0,0.001,0.001,0,15700,15600,186,29,34,0.0,0.0,0.0,0.0,7,47,0.0,0.0,0.0,0.0,2,50,0,600,0,57,0,0,0,0,0,0,0,0,0
33,2016-04-14 17:11:49.176,490,100000,100,INSTITUTIONSHOMOPHILY,true,10,10,6,14,6,0.85,0.5,0,0,0.001,0.001,0,15800,15700,188,34,18,0.0,0.0,0.0,0.0,11,47,0.0,0.0,0.0,0.0,2,50,0,600,0,56,0,0,0,0,0,0,0,0,0
33,2016-04-14 17:11:49.176,493,100000,100,INSTITUTIONSHOMOPHILY,true,10,10,6,14,6,0.85,0.5,0,0,0.001,0.001,0,15900,15800,185,29,31,0.0,0.0,0.0,0.0,9,46,0.0,0.0,0.0,0.0,2,50,0,600,0,59,0,0,0,0,0,0,0,0,0
33,2016-04-14 17:11:49.176,496,100000,100,INSTITUTIONSHOMOPHILY,true,10,10,6,14,6,0.85,0.5,0,0,0.001,0.001,0,16000,15900,171,32,31,0.0,0.0,0.0,0.0,13,46,0.0,0.0,0.0,0.0,2,50,0,600,0,55,0,0,0,0,0,0,0,0,0
33,2016-04-14 17:11:49.176,498,100000,100,INSTITUTIONSHOMOPHILY,true,10,10,6,14,6,0.85,0.5,0,0,0.001,0.001,0,16100,16000,195,37,15,0.0,0.0,0.0,0.0,12,44,0.0,0.0,0.0,0.0,2,50,0,600,0,56,0,0,0,0,0,0,0,0,0
33,2016-04-14 17:11:49.176,501,100000,100,INSTITUTIONSHOMOPHILY,true,10,10,6,14,6,0.85,0.5,0,0,0.001,0.001,0,16200,16100,183,30,27,0.0,0.0,0.0,0.0,8,47,0.0,0.0,0.0,0.0,2,50,0,600,0,57,0,0,0,0,0,0,0,0,0
33,2016-04-14 17:11:49.176,504,100000,100,INSTITUTIONSHOMOPHILY,true,10,10,6,14,6,0.85,0.5,0,0,0.001,0.001,0,16300,16200,179,39,13,0.0,0.0,0.0,0.0,10,42,0.0,0.0,0.0,0.0,2,50,0,600,0,57,0,0,0,0,0,0,0,0,0
33,2016-04-14 17:11:49.176,506,100000,100,INSTITUTIONSHOMOPHILY,true,10,10,6,14,6,0.85,0.5,0,0,0.001,0.001,0,16400,16300,186,28,37,0.0,0.0,0.0,0.0,9,49,0.0,0.0,0.0,0.0,2,50,0,600,0,60,0,0,0,0,0,0,0,0,0
33,2016-04-14 17:11:49.176,509,100000,100,INSTITUTIONSHOMOPHILY,true,10,10,6,14,6,0.85,0.5,0,0,0.001,0.001,0,16500,16400,190,29,27,0.0,0.0,0.0,0.0,10,47,0.0,0.0,0.0,0.0,2,50,0,600,0,58,0,0,0,0,0,0,0,0,0
33,2016-04-14 17:11:49.176,517,100000,100,INSTITUTIONSHOMOPHILY,true,10,10,6,14,6,0.85,0.5,0,0,0.001,0.001,0,16600,16500,179,34,28,0.0,0.0,0.0,0.0,10,47,0.0,0.0,0.0,0.0,2,50,0,600,0,56,0,0,0,0,0,0,0,0,0
33,2016-04-14 17:11:49.176,519,100000,100,INSTITUTIONSHOMOPHILY,true,10,10,6,14,6,0.85,0.5,0,0,0.001,0.001,0,16700,16600,188,28,20,0.0,0.0,0.0,0.0,11,45,0.0,0.0,0.0,0.0,2,50,0,600,0,57,0,0,0,0,0,0,0,0,0
33,2016-04-14 17:11:49.176,522,100000,100,INSTITUTIONSHOMOPHILY,true,10,10,6,14,6,0.85,0.5,0,0,0.001,0.001,0,16800,16700,174,28,24,0.0,0.0,0.0,0.0,6,48,0.0,0.0,0.0,0.0,2,50,0,600,0,58,0,0,0,0,0,0,0,0,0
33,2016-04-14 17:11:49.176,524,100000,100,INSTITUTIONSHOMOPHILY,true,10,10,6,14,6,0.85,0.5,0,0,0.001,0.001,0,16900,16800,188,39,19,0.0,0.0,0.0,0.0,13,44,0.0,0.0,0.0,0.0,2,50,0,600,0,58,0,0,0,0,0,0,0,0,0
33,2016-04-14 17:11:49.176,538,100000,100,INSTITUTIONSHOMOPHILY,true,10,10,6,14,6,0.85,0.5,0,0,0.001,0.001,0,17000,16900,176,32,21,0.0,0.0,0.0,0.0,10,45,0.0,0.0,0.0,0.0,2,50,0,600,0,54,0,0,0,0,0,0,0,0,0
33,2016-04-14 17:11:49.176,541,100000,100,INSTITUTIONSHOMOPHILY,true,10,10,6,14,6,0.85,0.5,0,0,0.001,0.001,0,17100,17000,189,28,25,0.0,0.0,0.0,0.0,6,48,0.0,0.0,0.0,0.0,2,50,0,600,0,60,0,0,0,0,0,0,0,0,0
33,2016-04-14 17:11:49.176,552,100000,100,INSTITUTIONSHOMOPHILY,true,10,10,6,14,6,0.85,0.5,0,0,0.001,0.001,0,17200,17100,181,25,26,0.0,0.0,0.0,0.0,7,49,0.0,0.0,0.0,0.0,2,50,0,600,0,56,0,0,0,0,0,0,0,0,0
33,2016-04-14 17:11:49.176,555,100000,100,INSTITUTIONSHOMOPHILY,true,10,10,6,14,6,0.85,0.5,0,0,0.001,0.001,0,17300,17200,193,35,21,0.0,0.0,0.0,0.0,10,46,0.0,0.0,0.0,0.0,2,50,0,600,0,56,0,0,0,0,0,0,0,0,0
33,2016-04-14 17:11:49.176,558,100000,100,INSTITUTIONSHOMOPHILY,true,10,10,6,14,6,0.85,0.5,0,0,0.001,0.001,0,17400,17300,183,37,25,0.0,0.0,0.0,0.0,12,45,0.0,0.0,0.0,0.0,2,50,0,600,0,57,0,0,0,0,0,0,0,0,0
33,2016-04-14 17:11:49.176,560,100000,100,INSTITUTIONSHOMOPHILY,true,10,10,6,14,6,0.85,0.5,0,0,0.001,0.001,0,17500,17400,180,33,16,0.0,0.0,0.0,0.0,13,45,0.0,0.0,0.0,0.0,2,50,0,600,0,57,0,0,0,0,0,0,0,0,0
33,2016-04-14 17:11:49.176,563,100000,100,INSTITUTIONSHOMOPHILY,true,10,10,6,14,6,0.85,0.5,0,0,0.001,0.001,0,17600,17500,189,28,20,0.0,0.0,0.0,0.0,9,48,0.0,0.0,0.0,0.0,2,50,0,600,0,58,0,0,0,0,0,0,0,0,0
33,2016-04-14 17:11:49.176,566,100000,100,INSTITUTIONSHOMOPHILY,true,10,10,6,14,6,0.85,0.5,0,0,0.001,0.001,0,17700,17600,187,21,37,0.0,0.0,0.0,0.0,5,49,0.0,0.0,0.0,0.0,2,50,0,600,0,57,0,0,0,0,0,0,0,0,0
33,2016-04-14 17:11:49.176,568,100000,100,INSTITUTIONSHOMOPHILY,true,10,10,6,14,6,0.85,0.5,0,0,0.001,0.001,0,17800,17700,173,32,26,0.0,0.0,0.0,0.0,11,48,0.0,0.0,0.0,0.0,2,50,0,600,0,62,0,0,0,0,0,0,0,0,0
33,2016-04-14 17:11:49.176,571,100000,100,INSTITUTIONSHOMOPHILY,true,10,10,6,14,6,0.85,0.5,0,0,0.001,0.001,0,17900,17800,183,36,18,0.0,0.0,0.0,0.0,12,44,0.0,0.0,0.0,0.0,2,50,0,600,0,55,0,0,0,0,0,0,0,0,0
33,2016-04-14 17:11:49.176,574,100000,100,INSTITUTIONSHOMOPHILY,true,10,10,6,14,6,0.85,0.5,0,0,0.001,0.001,0,18000,17900,189,35,34,0.0,0.0,0.0,0.0,11,44,0.0,0.0,0.0,0.0,2,50,0,600,0,58,0,0,0,0,0,0,0,0,0
33,2016-04-14 17:11:49.176,576,100000,100,INSTITUTIONSHOMOPHILY,true,10,10,6,14,6,0.85,0.5,0,0,0.001,0.001,0,18100,18000,192,41,32,0.0,0.0,0.0,0.0,14,44,0.0,0.0,0.0,0.0,2,50,0,600,0,59,0,0,0,0,0,0,0,0,0
33,2016-04-14 17:11:49.176,580,100000,100,INSTITUTIONSHOMOPHILY,true,10,10,6,14,6,0.85,0.5,0,0,0.001,0.001,0,18200,18100,183,32,25,0.0,0.0,0.0,0.0,10,48,0.0,0.0,0.0,0.0,2,50,0,600,0,55,0,0,0,0,0,0,0,0,0
33,2016-04-14 17:11:49.176,582,100000,100,INSTITUTIONSHOMOPHILY,true,10,10,6,14,6,0.85,0.5,0,0,0.001,0.001,0,18300,18200,165,28,37,0.0,0.0,0.0,0.0,9,46,0.0,0.0,0.0,0.0,2,50,0,600,0,54,0,0,0,0,0,0,0,0,0
33,2016-04-14 17:11:49.176,585,100000,100,INSTITUTIONSHOMOPHILY,true,10,10,6,14,6,0.85,0.5,0,0,0.001,0.001,0,18400,18300,187,38,18,0.0,0.0,0.0,0.0,12,45,0.0,0.0,0.0,0.0,2,50,0,600,0,53,0,0,0,0,0,0,0,0,0
33,2016-04-14 17:11:49.176,588,100000,100,INSTITUTIONSHOMOPHILY,true,10,10,6,14,6,0.85,0.5,0,0,0.001,0.001,0,18500,18400,169,32,28,0.0,0.0,0.0,0.0,14,43,0.0,0.0,0.0,0.0,2,50,0,600,0,56,0,0,0,0,0,0,0,0,0
33,2016-04-14 17:11:49.176,590,100000,100,INSTITUTIONSHOMOPHILY,true,10,10,6,14,6,0.85,0.5,0,0,0.001,0.001,0,18600,18500,172,34,34,0.0,0.0,0.0,0.0,12,44,0.0,0.0,0.0,0.0,2,50,0,600,0,53,0,0,0,0,0,0,0,0,0
33,2016-04-14 17:11:49.176,593,100000,100,INSTITUTIONSHOMOPHILY,true,10,10,6,14,6,0.85,0.5,0,0,0.001,0.001,0,18700,18600,183,26,27,0.0,0.0,0.0,0.0,11,46,0.0,0.0,0.0,0.0,2,50,0,600,0,57,0,0,0,0,0,0,0,0,0
33,2016-04-14 17:11:49.176,596,100000,100,INSTITUTIONSHOMOPHILY,true,10,10,6,14,6,0.85,0.5,0,0,0.001,0.001,0,18800,18700,189,32,28,0.0,0.0,0.0,0.0,6,47,0.0,0.0,0.0,0.0,2,50,0,600,0,58,0,0,0,0,0,0,0,0,0
33,2016-04-14 17:11:49.176,599,100000,100,INSTITUTIONSHOMOPHILY,true,10,10,6,14,6,0.85,0.5,0,0,0.001,0.001,0,18900,18800,190,29,37,0.0,0.0,0.0,0.0,9,49,0.0,0.0,0.0,0.0,2,50,0,600,0,57,0,0,0,0,0,0,0,0,0
33,2016-04-14 17:11:49.176,601,100000,100,INSTITUTIONSHOMOPHILY,true,10,10,6,14,6,0.85,0.5,0,0,0.001,0.001,0,19000,18900,176,30,19,0.0,0.0,0.0,0.0,8,48,0.0,0.0,0.0,0.0,2,50,0,600,0,58,0,0,0,0,0,0,0,0,0
33,2016-04-14 17:11:49.176,604,100000,100,INSTITUTIONSHOMOPHILY,true,10,10,6,14,6,0.85,0.5,0,0,0.001,0.001,0,19100,19000,171,21,39,0.0,0.0,0.0,0.0,6,51,0.0,0.0,0.0,0.0,2,50,0,600,0,55,0,0,0,0,0,0,0,0,0
33,2016-04-14 17:11:49.176,607,100000,100,INSTITUTIONSHOMOPHILY,true,10,10,6,14,6,0.85,0.5,0,0,0.001,0.001,0,19200,19100,192,33,19,0.0,0.0,0.0,0.0,13,45,0.0,0.0,0.0,0.0,2,50,0,600,0,57,0,0,0,0,0,0,0,0,0
33,2016-04-14 17:11:49.176,609,100000,100,INSTITUTIONSHOMOPHILY,true,10,10,6,14,6,0.85,0.5,0,0,0.001,0.001,0,19300,19200,182,27,26,0.0,0.0,0.0,0.0,9,46,0.0,0.0,0.0,0.0,2,50,0,600,0,59,0,0,0,0,0,0,0,0,0
33,2016-04-14 17:11:49.176,613,100000,100,INSTITUTIONSHOMOPHILY,true,10,10,6,14,6,0.85,0.5,0,0,0.001,0.001,0,19400,19300,184,37,27,0.0,0.0,0.0,0.0,13,45,0.0,0.0,0.0,0.0,2,50,0,600,0,57,0,0,0,0,0,0,0,0,0
33,2016-04-14 17:11:49.176,616,100000,100,INSTITUTIONSHOMOPHILY,true,10,10,6,14,6,0.85,0.5,0,0,0.001,0.001,0,19500,19400,185,29,16,0.0,0.0,0.0,0.0,8,46,0.0,0.0,0.0,0.0,2,50,0,600,0,57,0,0,0,0,0,0,0,0,0
33,2016-04-14 17:11:49.176,619,100000,100,INSTITUTIONSHOMOPHILY,true,10,10,6,14,6,0.85,0.5,0,0,0.001,0.001,0,19600,19500,186,24,26,0.0,0.0,0.0,0.0,7,49,0.0,0.0,0.0,0.0,2,50,0,600,0,56,0,0,0,0,0,0,0,0,0
33,2016-04-14 17:11:49.176,621,100000,100,INSTITUTIONSHOMOPHILY,true,10,10,6,14,6,0.85,0.5,0,0,0.001,0.001,0,19700,19600,192,27,30,0.0,0.0,0.0,0.0,8,48,0.0,0.0,0.0,0.0,2,50,0,600,0,58,0,0,0,0,0,0,0,0,0
33,2016-04-14 17:11:49.176,625,100000,100,INSTITUTIONSHOMOPHILY,true,10,10,6,14,6,0.85,0.5,0,0,0.001,0.001,0,19800,19700,182,38,18,0.0,0.0,0.0,0.0,11,43,0.0,0.0,0.0,0.0,2,50,0,600,0,57,0,0,0,0,0,0,0,0,0
33,2016-04-14 17:11:49.176,628,100000,100,INSTITUTIONSHOMOPHILY,true,10,10,6,14,6,0.85,0.5,0,0,0.001,0.001,0,19900,19800,184,45,9,0.0,0.0,0.0,0.0,12,40,0.0,0.0,0.0,0.0,2,50,0,600,0,62,0,0,0,0,0,0,0,0,0
33,2016-04-14 17:11:49.176,630,100000,100,INSTITUTIONSHOMOPHILY,true,10,10,6,14,6,0.85,0.5,0,0,0.001,0.001,0,20000,19900,186,31,21,0.0,0.0,0.0,0.0,9,46,0.0,0.0,0.0,0.0,2,50,0,600,0,58,0,0,0,0,0,0,0,0,0
33,2016-04-14 17:11:49.176,633,100000,100,INSTITUTIONSHOMOPHILY,true,10,10,6,14,6,0.85,0.5,0,0,0.001,0.001,0,20100,20000,185,36,17,0.0,0.0,0.0,0.0,9,47,0.0,0.0,0.0,0.0,2,50,0,600,0,57,0,0,0,0,0,0,0,0,0
33,2016-04-14 17:11:49.176,636,100000,100,INSTITUTIONSHOMOPHILY,true,10,10,6,14,6,0.85,0.5,0,0,0.001,0.001,0,20200,20100,190,29,26,0.0,0.0,0.0,0.0,9,46,0.0,0.0,0.0,0.0,2,50,0,600,0,57,0,0,0,0,0,0,0,0,0
33,2016-04-14 17:11:49.176,638,100000,100,INSTITUTIONSHOMOPHILY,true,10,10,6,14,6,0.85,0.5,0,0,0.001,0.001,0,20300,20200,179,35,23,0.0,0.0,0.0,0.0,9,44,0.0,0.0,0.0,0.0,2,50,0,600,0,53,0,0,0,0,0,0,0,0,0
33,2016-04-14 17:11:49.176,641,100000,100,INSTITUTIONSHOMOPHILY,true,10,10,6,14,6,0.85,0.5,0,0,0.001,0.001,0,20400,20300,185,47,19,0.0,0.0,0.0,0.0,14,40,0.0,0.0,0.0,0.0,2,50,0,600,0,59,0,0,0,0,0,0,0,0,0
33,2016-04-14 17:11:49.176,644,100000,100,INSTITUTIONSHOMOPHILY,true,10,10,6,14,6,0.85,0.5,0,0,0.001,0.001,0,20500,20400,185,30,18,0.0,0.0,0.0,0.0,11,45,0.0,0.0,0.0,0.0,2,50,0,600,0,56,0,0,0,0,0,0,0,0,0
33,2016-04-14 17:11:49.176,647,100000,100,INSTITUTIONSHOMOPHILY,true,10,10,6,14,6,0.85,0.5,0,0,0.001,0.001,0,20600,20500,193,33,20,0.0,0.0,0.0,0.0,9,47,0.0,0.0,0.0,0.0,2,50,0,600,0,59,0,0,0,0,0,0,0,0,0
33,2016-04-14 17:11:49.176,650,100000,100,INSTITUTIONSHOMOPHILY,true,10,10,6,14,6,0.85,0.5,0,0,0.001,0.001,0,20700,20600,191,31,24,0.0,0.0,0.0,0.0,10,46,0.0,0.0,0.0,0.0,2,50,0,600,0,57,0,0,0,0,0,0,0,0,0
33,2016-04-14 17:11:49.176,652,100000,100,INSTITUTIONSHOMOPHILY,true,10,10,6,14,6,0.85,0.5,0,0,0.001,0.001,0,20800,20700,197,34,15,0.0,0.0,0.0,0.0,12,45,0.0,0.0,0.0,0.0,2,50,0,600,0,60,0,0,0,0,0,0,0,0,0
33,2016-04-14 17:11:49.176,655,100000,100,INSTITUTIONSHOMOPHILY,true,10,10,6,14,6,0.85,0.5,0,0,0.001,0.001,0,20900,20800,185,29,23,0.0,0.0,0.0,0.0,9,47,0.0,0.0,0.0,0.0,2,50,0,600,0,58,0,0,0,0,0,0,0,0,0
33,2016-04-14 17:11:49.176,658,100000,100,INSTITUTIONSHOMOPHILY,true,10,10,6,14,6,0.85,0.5,0,0,0.001,0.001,0,21000,20900,190,28,25,0.0,0.0,0.0,0.0,10,46,0.0,0.0,0.0,0.0,2,50,0,600,0,56,0,0,0,0,0,0,0,0,0
33,2016-04-14 17:11:49.176,663,100000,100,INSTITUTIONSHOMOPHILY,true,10,10,6,14,6,0.85,0.5,0,0,0.001,0.001,0,21100,21000,185,29,19,0.0,0.0,0.0,0.0,8,47,0.0,0.0,0.0,0.0,2,50,0,600,0,56,0,0,0,0,0,0,0,0,0
33,2016-04-14 17:11:49.176,665,100000,100,INSTITUTIONSHOMOPHILY,true,10,10,6,14,6,0.85,0.5,0,0,0.001,0.001,0,21200,21100,196,51,14,0.0,0.0,0.0,0.0,15,40,0.0,0.0,0.0,0.0,2,50,0,600,0,56,0,0,0,0,0,0,0,0,0
33,2016-04-14 17:11:49.176,668,100000,100,INSTITUTIONSHOMOPHILY,true,10,10,6,14,6,0.85,0.5,0,0,0.001,0.001,0,21300,21200,179,26,35,0.0,0.0,0.0,0.0,9,48,0.0,0.0,0.0,0.0,2,50,0,600,0,56,0,0,0,0,0,0,0,0,0
33,2016-04-14 17:11:49.176,670,100000,100,INSTITUTIONSHOMOPHILY,true,10,10,6,14,6,0.85,0.5,0,0,0.001,0.001,0,21400,21300,181,27,33,0.0,0.0,0.0,0.0,10,46,0.0,0.0,0.0,0.0,2,50,0,600,0,54,0,0,0,0,0,0,0,0,0
33,2016-04-14 17:11:49.176,673,100000,100,INSTITUTIONSHOMOPHILY,true,10,10,6,14,6,0.85,0.5,0,0,0.001,0.001,0,21500,21400,190,31,24,0.0,0.0,0.0,0.0,10,46,0.0,0.0,0.0,0.0,2,50,0,600,0,57,0,0,0,0,0,0,0,0,0
33,2016-04-14 17:11:49.176,676,100000,100,INSTITUTIONSHOMOPHILY,true,10,10,6,14,6,0.85,0.5,0,0,0.001,0.001,0,21600,21500,180,32,26,0.0,0.0,0.0,0.0,10,46,0.0,0.0,0.0,0.0,2,50,0,600,0,59,0,0,0,0,0,0,0,0,0
33,2016-04-14 17:11:49.176,678,100000,100,INSTITUTIONSHOMOPHILY,true,10,10,6,14,6,0.85,0.5,0,0,0.001,0.001,0,21700,21600,190,32,22,0.0,0.0,0.0,0.0,10,48,0.0,0.0,0.0,0.0,2,50,0,600,0,56,0,0,0,0,0,0,0,0,0
33,2016-04-14 17:11:49.176,681,100000,100,INSTITUTIONSHOMOPHILY,true,10,10,6,14,6,0.85,0.5,0,0,0.001,0.001,0,21800,21700,177,35,22,0.0,0.0,0.0,0.0,7,46,0.0,0.0,0.0,0.0,2,50,0,600,0,56,0,0,0,0,0,0,0,0,0
33,2016-04-14 17:11:49.176,684,100000,100,INSTITUTIONSHOMOPHILY,true,10,10,6,14,6,0.85,0.5,0,0,0.001,0.001,0,21900,21800,194,46,9,0.0,0.0,0.0,0.0,11,44,0.0,0.0,0.0,0.0,2,50,0,600,0,56,0,0,0,0,0,0,0,0,0
33,2016-04-14 17:11:49.176,686,100000,100,INSTITUTIONSHOMOPHILY,true,10,10,6,14,6,0.85,0.5,0,0,0.001,0.001,0,22000,21900,182,30,16,0.0,0.0,0.0,0.0,6,46,0.0,0.0,0.0,0.0,2,50,0,600,0,57,0,0,0,0,0,0,0,0,0
33,2016-04-14 17:11:49.176,689,100000,100,INSTITUTIONSHOMOPHILY,true,10,10,6,14,6,0.85,0.5,0,0,0.001,0.001,0,22100,22000,184,27,26,0.0,0.0,0.0,0.0,9,46,0.0,0.0,0.0,0.0,2,50,0,600,0,58,0,0,0,0,0,0,0,0,0
33,2016-04-14 17:11:49.176,691,100000,100,INSTITUTIONSHOMOPHILY,true,10,10,6,14,6,0.85,0.5,0,0,0.001,0.001,0,22200,22100,180,31,25,0.0,0.0,0.0,0.0,10,46,0.0,0.0,0.0,0.0,2,50,0,600,0,54,0,0,0,0,0,0,0,0,0
33,2016-04-14 17:11:49.176,695,100000,100,INSTITUTIONSHOMOPHILY,true,10,10,6,14,6,0.85,0.5,0,0,0.001,0.001,0,22300,22200,191,36,20,0.0,0.0,0.0,0.0,13,41,0.0,0.0,0.0,0.0,2,50,0,600,0,58,0,0,0,0,0,0,0,0,0
33,2016-04-14 17:11:49.176,698,100000,100,INSTITUTIONSHOMOPHILY,true,10,10,6,14,6,0.85,0.5,0,0,0.001,0.001,0,22400,22300,186,23,26,0.0,0.0,0.0,0.0,7,48,0.0,0.0,0.0,0.0,2,50,0,600,0,56,0,0,0,0,0,0,0,0,0
33,2016-04-14 17:11:49.176,701,100000,100,INSTITUTIONSHOMOPHILY,true,10,10,6,14,6,0.85,0.5,0,0,0.001,0.001,0,22500,22400,174,36,19,0.0,0.0,0.0,0.0,14,41,0.0,0.0,0.0,0.0,2,50,0,600,0,53,0,0,0,0,0,0,0,0,0
33,2016-04-14 17:11:49.176,704,100000,100,INSTITUTIONSHOMOPHILY,true,10,10,6,14,6,0.85,0.5,0,0,0.001,0.001,0,22600,22500,177,33,20,0.0,0.0,0.0,0.0,10,44,0.0,0.0,0.0,0.0,2,50,0,600,0,53,0,0,0,0,0,0,0,0,0
33,2016-04-14 17:11:49.176,707,100000,100,INSTITUTIONSHOMOPHILY,true,10,10,6,14,6,0.85,0.5,0,0,0.001,0.001,0,22700,22600,180,31,21,0.0,0.0,0.0,0.0,10,45,0.0,0.0,0.0,0.0,2,50,0,600,0,57,0,0,0,0,0,0,0,0,0
33,2016-04-14 17:11:49.176,711,100000,100,INSTITUTIONSHOMOPHILY,true,10,10,6,14,6,0.85,0.5,0,0,0.001,0.001,0,22800,22700,195,29,17,0.0,0.0,0.0,0.0,9,47,0.0,0.0,0.0,0.0,2,50,0,600,0,55,0,0,0,0,0,0,0,0,0
33,2016-04-14 17:11:49.176,714,100000,100,INSTITUTIONSHOMOPHILY,true,10,10,6,14,6,0.85,0.5,0,0,0.001,0.001,0,22900,22800,186,29,35,0.0,0.0,0.0,0.0,10,45,0.0,0.0,0.0,0.0,2,50,0,600,0,56,0,0,0,0,0,0,0,0,0
33,2016-04-14 17:11:49.176,716,100000,100,INSTITUTIONSHOMOPHILY,true,10,10,6,14,6,0.85,0.5,0,0,0.001,0.001,0,23000,22900,183,34,23,0.0,0.0,0.0,0.0,14,43,0.0,0.0,0.0,0.0,2,50,0,600,0,54,0,0,0,0,0,0,0,0,0
33,2016-04-14 17:11:49.176,728,100000,100,INSTITUTIONSHOMOPHILY,true,10,10,6,14,6,0.85,0.5,0,0,0.001,0.001,0,23100,23000,179,33,25,0.0,0.0,0.0,0.0,10,46,0.0,0.0,0.0,0.0,2,50,0,600,0,58,0,0,0,0,0,0,0,0,0
33,2016-04-14 17:11:49.176,731,100000,100,INSTITUTIONSHOMOPHILY,true,10,10,6,14,6,0.85,0.5,0,0,0.001,0.001,0,23200,23100,186,31,32,0.0,0.0,0.0,0.0,11,44,0.0,0.0,0.0,0.0,2,50,0,600,0,56,0,0,0,0,0,0,0,0,0
33,2016-04-14 17:11:49.176,733,100000,100,INSTITUTIONSHOMOPHILY,true,10,10,6,14,6,0.85,0.5,0,0,0.001,0.001,0,23300,23200,194,37,20,0.0,0.0,0.0,0.0,10,47,0.0,0.0,0.0,0.0,2,50,0,600,0,59,0,0,0,0,0,0,0,0,0
33,2016-04-14 17:11:49.176,736,100000,100,INSTITUTIONSHOMOPHILY,true,10,10,6,14,6,0.85,0.5,0,0,0.001,0.001,0,23400,23300,190,24,37,0.0,0.0,0.0,0.0,7,48,0.0,0.0,0.0,0.0,2,50,0,600,0,57,0,0,0,0,0,0,0,0,0
33,2016-04-14 17:11:49.176,739,100000,100,INSTITUTIONSHOMOPHILY,true,10,10,6,14,6,0.85,0.5,0,0,0.001,0.001,0,23500,23400,178,34,22,0.0,0.0,0.0,0.0,11,45,0.0,0.0,0.0,0.0,2,50,0,600,0,59,0,0,0,0,0,0,0,0,0
33,2016-04-14 17:11:49.176,741,100000,100,INSTITUTIONSHOMOPHILY,true,10,10,6,14,6,0.85,0.5,0,0,0.001,0.001,0,23600,23500,186,34,17,0.0,0.0,0.0,0.0,10,45,0.0,0.0,0.0,0.0,2,50,0,600,0,60,0,0,0,0,0,0,0,0,0
33,2016-04-14 17:11:49.176,747,100000,100,INSTITUTIONSHOMOPHILY,true,10,10,6,14,6,0.85,0.5,0,0,0.001,0.001,0,23700,23600,189,35,26,0.0,0.0,0.0,0.0,9,46,0.0,0.0,0.0,0.0,2,50,0,600,0,57,0,0,0,0,0,0,0,0,0
33,2016-04-14 17:11:49.176,749,100000,100,INSTITUTIONSHOMOPHILY,true,10,10,6,14,6,0.85,0.5,0,0,0.001,0.001,0,23800,23700,188,23,26,0.0,0.0,0.0,0.0,6,48,0.0,0.0,0.0,0.0,2,50,0,600,0,59,0,0,0,0,0,0,0,0,0
33,2016-04-14 17:11:49.176,752,100000,100,INSTITUTIONSHOMOPHILY,true,10,10,6,14,6,0.85,0.5,0,0,0.001,0.001,0,23900,23800,182,29,38,0.0,0.0,0.0,0.0,7,46,0.0,0.0,0.0,0.0,2,50,0,600,0,56,0,0,0,0,0,0,0,0,0
33,2016-04-14 17:11:49.176,754,100000,100,INSTITUTIONSHOMOPHILY,true,10,10,6,14,6,0.85,0.5,0,0,0.001,0.001,0,24000,23900,190,25,27,0.0,0.0,0.0,0.0,7,48,0.0,0.0,0.0,0.0,2,50,0,600,0,55,0,0,0,0,0,0,0,0,0
33,2016-04-14 17:11:49.176,757,100000,100,INSTITUTIONSHOMOPHILY,true,10,10,6,14,6,0.85,0.5,0,0,0.001,0.001,0,24100,24000,182,32,22,0.0,0.0,0.0,0.0,11,43,0.0,0.0,0.0,0.0,2,50,0,600,0,55,0,0,0,0,0,0,0,0,0
33,2016-04-14 17:11:49.176,764,100000,100,INSTITUTIONSHOMOPHILY,true,10,10,6,14,6,0.85,0.5,0,0,0.001,0.001,0,24200,24100,185,37,23,0.0,0.0,0.0,0.0,11,44,0.0,0.0,0.0,0.0,2,50,0,600,0,58,0,0,0,0,0,0,0,0,0
33,2016-04-14 17:11:49.176,767,100000,100,INSTITUTIONSHOMOPHILY,true,10,10,6,14,6,0.85,0.5,0,0,0.001,0.001,0,24300,24200,199,44,13,0.0,0.0,0.0,0.0,15,45,0.0,0.0,0.0,0.0,2,50,0,600,0,57,0,0,0,0,0,0,0,0,0
33,2016-04-14 17:11:49.176,770,100000,100,INSTITUTIONSHOMOPHILY,true,10,10,6,14,6,0.85,0.5,0,0,0.001,0.001,0,24400,24300,177,32,23,0.0,0.0,0.0,0.0,9,42,0.0,0.0,0.0,0.0,2,50,0,600,0,58,0,0,0,0,0,0,0,0,0
33,2016-04-14 17:11:49.176,773,100000,100,INSTITUTIONSHOMOPHILY,true,10,10,6,14,6,0.85,0.5,0,0,0.001,0.001,0,24500,24400,188,30,17,0.0,0.0,0.0,0.0,10,47,0.0,0.0,0.0,0.0,2,50,0,600,0,57,0,0,0,0,0,0,0,0,0
33,2016-04-14 17:11:49.176,775,100000,100,INSTITUTIONSHOMOPHILY,true,10,10,6,14,6,0.85,0.5,0,0,0.001,0.001,0,24600,24500,178,45,12,0.0,0.0,0.0,0.0,12,43,0.0,0.0,0.0,0.0,2,50,0,600,0,57,0,0,0,0,0,0,0,0,0
33,2016-04-14 17:11:49.176,779,100000,100,INSTITUTIONSHOMOPHILY,true,10,10,6,14,6,0.85,0.5,0,0,0.001,0.001,0,24700,24600,185,31,32,0.0,0.0,0.0,0.0,8,46,0.0,0.0,0.0,0.0,2,50,0,600,0,57,0,0,0,0,0,0,0,0,0
33,2016-04-14 17:11:49.176,782,100000,100,INSTITUTIONSHOMOPHILY,true,10,10,6,14,6,0.85,0.5,0,0,0.001,0.001,0,24800,24700,181,33,26,0.0,0.0,0.0,0.0,11,45,0.0,0.0,0.0,0.0,2,50,0,600,0,55,0,0,0,0,0,0,0,0,0
33,2016-04-14 17:11:49.176,784,100000,100,INSTITUTIONSHOMOPHILY,true,10,10,6,14,6,0.85,0.5,0,0,0.001,0.001,0,24900,24800,194,34,19,0.0,0.0,0.0,0.0,10,44,0.0,0.0,0.0,0.0,2,50,0,600,0,53,0,0,0,0,0,0,0,0,0
33,2016-04-14 17:11:49.176,787,100000,100,INSTITUTIONSHOMOPHILY,true,10,10,6,14,6,0.85,0.5,0,0,0.001,0.001,0,25000,24900,181,28,27,0.0,0.0,0.0,0.0,9,46,0.0,0.0,0.0,0.0,2,50,0,600,0,58,0,0,0,0,0,0,0,0,0
33,2016-04-14 17:11:49.176,790,100000,100,INSTITUTIONSHOMOPHILY,true,10,10,6,14,6,0.85,0.5,0,0,0.001,0.001,0,25100,25000,189,22,26,0.0,0.0,0.0,0.0,6,48,0.0,0.0,0.0,0.0,2,50,0,600,0,57,0,0,0,0,0,0,0,0,0
33,2016-04-14 17:11:49.176,792,100000,100,INSTITUTIONSHOMOPHILY,true,10,10,6,14,6,0.85,0.5,0,0,0.001,0.001,0,25200,25100,188,32,21,0.0,0.0,0.0,0.0,10,48,0.0,0.0,0.0,0.0,2,50,0,600,0,58,0,0,0,0,0,0,0,0,0
33,2016-04-14 17:11:49.176,795,100000,100,INSTITUTIONSHOMOPHILY,true,10,10,6,14,6,0.85,0.5,0,0,0.001,0.001,0,25300,25200,192,28,20,0.0,0.0,0.0,0.0,6,48,0.0,0.0,0.0,0.0,2,50,0,600,0,58,0,0,0,0,0,0,0,0,0
33,2016-04-14 17:11:49.176,797,100000,100,INSTITUTIONSHOMOPHILY,true,10,10,6,14,6,0.85,0.5,0,0,0.001,0.001,0,25400,25300,188,34,21,0.0,0.0,0.0,0.0,11,47,0.0,0.0,0.0,0.0,2,50,0,600,0,59,0,0,0,0,0,0,0,0,0
33,2016-04-14 17:11:49.176,811,100000,100,INSTITUTIONSHOMOPHILY,true,10,10,6,14,6,0.85,0.5,0,0,0.001,0.001,0,25500,25400,188,35,23,0.0,0.0,0.0,0.0,13,44,0.0,0.0,0.0,0.0,2,50,0,600,0,56,0,0,0,0,0,0,0,0,0
33,2016-04-14 17:11:49.176,813,100000,100,INSTITUTIONSHOMOPHILY,true,10,10,6,14,6,0.85,0.5,0,0,0.001,0.001,0,25600,25500,184,33,17,0.0,0.0,0.0,0.0,12,45,0.0,0.0,0.0,0.0,2,50,0,600,0,57,0,0,0,0,0,0,0,0,0
33,2016-04-14 17:11:49.176,816,100000,100,INSTITUTIONSHOMOPHILY,true,10,10,6,14,6,0.85,0.5,0,0,0.001,0.001,0,25700,25600,182,23,35,0.0,0.0,0.0,0.0,8,47,0.0,0.0,0.0,0.0,2,50,0,600,0,57,0,0,0,0,0,0,0,0,0
33,2016-04-14 17:11:49.176,819,100000,100,INSTITUTIONSHOMOPHILY,true,10,10,6,14,6,0.85,0.5,0,0,0.001,0.001,0,25800,25700,164,39,24,0.0,0.0,0.0,0.0,14,44,0.0,0.0,0.0,0.0,2,50,0,600,0,53,0,0,0,0,0,0,0,0,0
33,2016-04-14 17:11:49.176,821,100000,100,INSTITUTIONSHOMOPHILY,true,10,10,6,14,6,0.85,0.5,0,0,0.001,0.001,0,25900,25800,196,31,25,0.0,0.0,0.0,0.0,10,46,0.0,0.0,0.0,0.0,2,50,0,600,0,56,0,0,0,0,0,0,0,0,0
33,2016-04-14 17:11:49.176,824,100000,100,INSTITUTIONSHOMOPHILY,true,10,10,6,14,6,0.85,0.5,0,0,0.001,0.001,0,26000,25900,177,31,26,0.0,0.0,0.0,0.0,9,45,0.0,0.0,0.0,0.0,2,50,0,600,0,55,0,0,0,0,0,0,0,0,0
33,2016-04-14 17:11:49.176,827,100000,100,INSTITUTIONSHOMOPHILY,true,10,10,6,14,6,0.85,0.5,0,0,0.001,0.001,0,26100,26000,192,28,26,0.0,0.0,0.0,0.0,6,49,0.0,0.0,0.0,0.0,2,50,0,600,0,57,0,0,0,0,0,0,0,0,0
33,2016-04-14 17:11:49.176,829,100000,100,INSTITUTIONSHOMOPHILY,true,10,10,6,14,6,0.85,0.5,0,0,0.001,0.001,0,26200,26100,180,32,26,0.0,0.0,0.0,0.0,12,44,0.0,0.0,0.0,0.0,2,50,0,600,0,58,0,0,0,0,0,0,0,0,0
33,2016-04-14 17:11:49.176,832,100000,100,INSTITUTIONSHOMOPHILY,true,10,10,6,14,6,0.85,0.5,0,0,0.001,0.001,0,26300,26200,187,37,27,0.0,0.0,0.0,0.0,14,45,0.0,0.0,0.0,0.0,2,50,0,600,0,55,0,0,0,0,0,0,0,0,0
33,2016-04-14 17:11:49.176,835,100000,100,INSTITUTIONSHOMOPHILY,true,10,10,6,14,6,0.85,0.5,0,0,0.001,0.001,0,26400,26300,181,30,21,0.0,0.0,0.0,0.0,10,45,0.0,0.0,0.0,0.0,2,50,0,600,0,53,0,0,0,0,0,0,0,0,0
33,2016-04-14 17:11:49.176,837,100000,100,INSTITUTIONSHOMOPHILY,true,10,10,6,14,6,0.85,0.5,0,0,0.001,0.001,0,26500,26400,181,35,20,0.0,0.0,0.0,0.0,12,45,0.0,0.0,0.0,0.0,2,50,0,600,0,58,0,0,0,0,0,0,0,0,0
33,2016-04-14 17:11:49.176,840,100000,100,INSTITUTIONSHOMOPHILY,true,10,10,6,14,6,0.85,0.5,0,0,0.001,0.001,0,26600,26500,180,22,35,0.0,0.0,0.0,0.0,5,50,0.0,0.0,0.0,0.0,2,50,0,600,0,56,0,0,0,0,0,0,0,0,0
33,2016-04-14 17:11:49.176,845,100000,100,INSTITUTIONSHOMOPHILY,true,10,10,6,14,6,0.85,0.5,0,0,0.001,0.001,0,26700,26600,191,33,21,0.0,0.0,0.0,0.0,9,48,0.0,0.0,0.0,0.0,2,50,0,600,0,57,0,0,0,0,0,0,0,0,0
33,2016-04-14 17:11:49.176,850,100000,100,INSTITUTIONSHOMOPHILY,true,10,10,6,14,6,0.85,0.5,0,0,0.001,0.001,0,26800,26700,197,39,21,0.0,0.0,0.0,0.0,10,43,0.0,0.0,0.0,0.0,2,50,0,600,0,55,0,0,0,0,0,0,0,0,0
33,2016-04-14 17:11:49.176,852,100000,100,INSTITUTIONSHOMOPHILY,true,10,10,6,14,6,0.85,0.5,0,0,0.001,0.001,0,26900,26800,195,41,19,0.0,0.0,0.0,0.0,14,44,0.0,0.0,0.0,0.0,2,50,0,600,0,59,0,0,0,0,0,0,0,0,0
33,2016-04-14 17:11:49.176,855,100000,100,INSTITUTIONSHOMOPHILY,true,10,10,6,14,6,0.85,0.5,0,0,0.001,0.001,0,27000,26900,184,28,28,0.0,0.0,0.0,0.0,9,48,0.0,0.0,0.0,0.0,2,50,0,600,0,56,0,0,0,0,0,0,0,0,0
33,2016-04-14 17:11:49.176,857,100000,100,INSTITUTIONSHOMOPHILY,true,10,10,6,14,6,0.85,0.5,0,0,0.001,0.001,0,27100,27000,186,27,26,0.0,0.0,0.0,0.0,10,47,0.0,0.0,0.0,0.0,2,50,0,600,0,58,0,0,0,0,0,0,0,0,0
33,2016-04-14 17:11:49.176,860,100000,100,INSTITUTIONSHOMOPHILY,true,10,10,6,14,6,0.85,0.5,0,0,0.001,0.001,0,27200,27100,176,37,24,0.0,0.0,0.0,0.0,13,45,0.0,0.0,0.0,0.0,2,50,0,600,0,58,0,0,0,0,0,0,0,0,0
33,2016-04-14 17:11:49.176,863,100000,100,INSTITUTIONSHOMOPHILY,true,10,10,6,14,6,0.85,0.5,0,0,0.001,0.001,0,27300,27200,174,30,21,0.0,0.0,0.0,0.0,12,45,0.0,0.0,0.0,0.0,2,50,0,600,0,58,0,0,0,0,0,0,0,0,0
33,2016-04-14 17:11:49.176,865,100000,100,INSTITUTIONSHOMOPHILY,true,10,10,6,14,6,0.85,0.5,0,0,0.001,0.001,0,27400,27300,184,32,26,0.0,0.0,0.0,0.0,12,46,0.0,0.0,0.0,0.0,2,50,0,600,0,56,0,0,0,0,0,0,0,0,0
33,2016-04-14 17:11:49.176,868,100000,100,INSTITUTIONSHOMOPHILY,true,10,10,6,14,6,0.85,0.5,0,0,0.001,0.001,0,27500,27400,190,29,35,0.0,0.0,0.0,0.0,9,48,0.0,0.0,0.0,0.0,2,50,0,600,0,58,0,0,0,0,0,0,0,0,0
33,2016-04-14 17:11:49.176,872,100000,100,INSTITUTIONSHOMOPHILY,true,10,10,6,14,6,0.85,0.5,0,0,0.001,0.001,0,27600,27500,188,24,16,0.0,0.0,0.0,0.0,6,48,0.0,0.0,0.0,0.0,2,50,0,600,0,57,0,0,0,0,0,0,0,0,0
33,2016-04-14 17:11:49.176,874,100000,100,INSTITUTIONSHOMOPHILY,true,10,10,6,14,6,0.85,0.5,0,0,0.001,0.001,0,27700,27600,180,25,29,0.0,0.0,0.0,0.0,9,47,0.0,0.0,0.0,0.0,2,50,0,600,0,58,0,0,0,0,0,0,0,0,0
33,2016-04-14 17:11:49.176,877,100000,100,INSTITUTIONSHOMOPHILY,true,10,10,6,14,6,0.85,0.5,0,0,0.001,0.001,0,27800,27700,183,27,27,0.0,0.0,0.0,0.0,8,48,0.0,0.0,0.0,0.0,2,50,0,600,0,57,0,0,0,0,0,0,0,0,0
33,2016-04-14 17:11:49.176,879,100000,100,INSTITUTIONSHOMOPHILY,true,10,10,6,14,6,0.85,0.5,0,0,0.001,0.001,0,27900,27800,181,38,20,0.0,0.0,0.0,0.0,15,43,0.0,0.0,0.0,0.0,2,50,0,600,0,54,0,0,0,0,0,0,0,0,0
33,2016-04-14 17:11:49.176,883,100000,100,INSTITUTIONSHOMOPHILY,true,10,10,6,14,6,0.85,0.5,0,0,0.001,0.001,0,28000,27900,185,24,36,0.0,0.0,0.0,0.0,6,48,0.0,0.0,0.0,0.0,2,50,0,600,0,58,0,0,0,0,0,0,0,0,0
33,2016-04-14 17:11:49.176,886,100000,100,INSTITUTIONSHOMOPHILY,true,10,10,6,14,6,0.85,0.5,0,0,0.001,0.001,0,28100,28000,187,24,29,0.0,0.0,0.0,0.0,7,48,0.0,0.0,0.0,0.0,2,50,0,600,0,58,0,0,0,0,0,0,0,0,0
33,2016-04-14 17:11:49.176,888,100000,100,INSTITUTIONSHOMOPHILY,true,10,10,6,14,6,0.85,0.5,0,0,0.001,0.001,0,28200,28100,179,24,33,0.0,0.0,0.0,0.0,7,47,0.0,0.0,0.0,0.0,2,50,0,600,0,57,0,0,0,0,0,0,0,0,0
33,2016-04-14 17:11:49.176,892,100000,100,INSTITUTIONSHOMOPHILY,true,10,10,6,14,6,0.85,0.5,0,0,0.001,0.001,0,28300,28200,174,23,39,0.0,0.0,0.0,0.0,9,48,0.0,0.0,0.0,0.0,2,50,0,600,0,52,0,0,0,0,0,0,0,0,0
33,2016-04-14 17:11:49.176,894,100000,100,INSTITUTIONSHOMOPHILY,true,10,10,6,14,6,0.85,0.5,0,0,0.001,0.001,0,28400,28300,183,30,19,0.0,0.0,0.0,0.0,9,49,0.0,0.0,0.0,0.0,2,50,0,600,0,57,0,0,0,0,0,0,0,0,0
33,2016-04-14 17:11:49.176,897,100000,100,INSTITUTIONSHOMOPHILY,true,10,10,6,14,6,0.85,0.5,0,0,0.001,0.001,0,28500,28400,194,40,14,0.0,0.0,0.0,0.0,11,46,0.0,0.0,0.0,0.0,2,50,0,600,0,58,0,0,0,0,0,0,0,0,0
33,2016-04-14 17:11:49.176,900,100000,100,INSTITUTIONSHOMOPHILY,true,10,10,6,14,6,0.85,0.5,0,0,0.001,0.001,0,28600,28500,189,31,25,0.0,0.0,0.0,0.0,9,46,0.0,0.0,0.0,0.0,2,50,0,600,0,58,0,0,0,0,0,0,0,0,0
33,2016-04-14 17:11:49.176,903,100000,100,INSTITUTIONSHOMOPHILY,true,10,10,6,14,6,0.85,0.5,0,0,0.001,0.001,0,28700,28600,185,36,19,0.0,0.0,0.0,0.0,10,49,0.0,0.0,0.0,0.0,2,50,0,600,0,60,0,0,0,0,0,0,0,0,0
33,2016-04-14 17:11:49.176,905,100000,100,INSTITUTIONSHOMOPHILY,true,10,10,6,14,6,0.85,0.5,0,0,0.001,0.001,0,28800,28700,189,28,26,0.0,0.0,0.0,0.0,9,47,0.0,0.0,0.0,0.0,2,50,0,600,0,59,0,0,0,0,0,0,0,0,0
33,2016-04-14 17:11:49.176,908,100000,100,INSTITUTIONSHOMOPHILY,true,10,10,6,14,6,0.85,0.5,0,0,0.001,0.001,0,28900,28800,184,41,26,0.0,0.0,0.0,0.0,11,46,0.0,0.0,0.0,0.0,2,50,0,600,0,55,0,0,0,0,0,0,0,0,0
33,2016-04-14 17:11:49.176,911,100000,100,INSTITUTIONSHOMOPHILY,true,10,10,6,14,6,0.85,0.5,0,0,0.001,0.001,0,29000,28900,180,24,30,0.0,0.0,0.0,0.0,8,46,0.0,0.0,0.0,0.0,2,50,0,600,0,54,0,0,0,0,0,0,0,0,0
33,2016-04-14 17:11:49.176,913,100000,100,INSTITUTIONSHOMOPHILY,true,10,10,6,14,6,0.85,0.5,0,0,0.001,0.001,0,29100,29000,183,37,21,0.0,0.0,0.0,0.0,9,42,0.0,0.0,0.0,0.0,2,50,0,600,0,56,0,0,0,0,0,0,0,0,0
33,2016-04-14 17:11:49.176,916,100000,100,INSTITUTIONSHOMOPHILY,true,10,10,6,14,6,0.85,0.5,0,0,0.001,0.001,0,29200,29100,188,23,35,0.0,0.0,0.0,0.0,6,48,0.0,0.0,0.0,0.0,2,50,0,600,0,58,0,0,0,0,0,0,0,0,0
33,2016-04-14 17:11:49.176,919,100000,100,INSTITUTIONSHOMOPHILY,true,10,10,6,14,6,0.85,0.5,0,0,0.001,0.001,0,29300,29200,190,35,15,0.0,0.0,0.0,0.0,12,44,0.0,0.0,0.0,0.0,2,50,0,600,0,53,0,0,0,0,0,0,0,0,0
33,2016-04-14 17:11:49.176,922,100000,100,INSTITUTIONSHOMOPHILY,true,10,10,6,14,6,0.85,0.5,0,0,0.001,0.001,0,29400,29300,192,37,14,0.0,0.0,0.0,0.0,11,45,0.0,0.0,0.0,0.0,2,50,0,600,0,57,0,0,0,0,0,0,0,0,0
33,2016-04-14 17:11:49.176,924,100000,100,INSTITUTIONSHOMOPHILY,true,10,10,6,14,6,0.85,0.5,0,0,0.001,0.001,0,29500,29400,192,31,21,0.0,0.0,0.0,0.0,8,48,0.0,0.0,0.0,0.0,2,50,0,600,0,57,0,0,0,0,0,0,0,0,0
33,2016-04-14 17:11:49.176,927,100000,100,INSTITUTIONSHOMOPHILY,true,10,10,6,14,6,0.85,0.5,0,0,0.001,0.001,0,29600,29500,188,27,25,0.0,0.0,0.0,0.0,7,47,0.0,0.0,0.0,0.0,2,50,0,600,0,58,0,0,0,0,0,0,0,0,0
33,2016-04-14 17:11:49.176,931,100000,100,INSTITUTIONSHOMOPHILY,true,10,10,6,14,6,0.85,0.5,0,0,0.001,0.001,0,29700,29600,190,40,26,0.0,0.0,0.0,0.0,8,44,0.0,0.0,0.0,0.0,2,50,0,600,0,58,0,0,0,0,0,0,0,0,0
33,2016-04-14 17:11:49.176,933,100000,100,INSTITUTIONSHOMOPHILY,true,10,10,6,14,6,0.85,0.5,0,0,0.001,0.001,0,29800,29700,191,29,36,0.0,0.0,0.0,0.0,7,47,0.0,0.0,0.0,0.0,2,50,0,600,0,55,0,0,0,0,0,0,0,0,0
33,2016-04-14 17:11:49.176,937,100000,100,INSTITUTIONSHOMOPHILY,true,10,10,6,14,6,0.85,0.5,0,0,0.001,0.001,0,29900,29800,192,36,18,0.0,0.0,0.0,0.0,10,44,0.0,0.0,0.0,0.0,2,50,0,600,0,58,0,0,0,0,0,0,0,0,0
33,2016-04-14 17:11:49.176,939,100000,100,INSTITUTIONSHOMOPHILY,true,10,10,6,14,6,0.85,0.5,0,0,0.001,0.001,0,30000,29900,193,32,27,0.0,0.0,0.0,0.0,10,49,0.0,0.0,0.0,0.0,2,50,0,600,0,58,0,0,0,0,0,0,0,0,0
33,2016-04-14 17:11:49.176,942,100000,100,INSTITUTIONSHOMOPHILY,true,10,10,6,14,6,0.85,0.5,0,0,0.001,0.001,0,30100,30000,189,22,38,0.0,0.0,0.0,0.0,4,49,0.0,0.0,0.0,0.0,2,50,0,600,0,57,0,0,0,0,0,0,0,0,0
33,2016-04-14 17:11:49.176,944,100000,100,INSTITUTIONSHOMOPHILY,true,10,10,6,14,6,0.85,0.5,0,0,0.001,0.001,0,30200,30100,188,26,26,0.0,0.0,0.0,0.0,9,48,0.0,0.0,0.0,0.0,2,50,0,600,0,57,0,0,0,0,0,0,0,0,0
33,2016-04-14 17:11:49.176,947,100000,100,INSTITUTIONSHOMOPHILY,true,10,10,6,14,6,0.85,0.5,0,0,0.001,0.001,0,30300,30200,181,37,20,0.0,0.0,0.0,0.0,10,43,0.0,0.0,0.0,0.0,2,50,0,600,0,57,0,0,0,0,0,0,0,0,0
33,2016-04-14 17:11:49.176,950,100000,100,INSTITUTIONSHOMOPHILY,true,10,10,6,14,6,0.85,0.5,0,0,0.001,0.001,0,30400,30300,178,29,19,0.0,0.0,0.0,0.0,8,47,0.0,0.0,0.0,0.0,2,50,0,600,0,56,0,0,0,0,0,0,0,0,0
33,2016-04-14 17:11:49.176,953,100000,100,INSTITUTIONSHOMOPHILY,true,10,10,6,14,6,0.85,0.5,0,0,0.001,0.001,0,30500,30400,183,29,24,0.0,0.0,0.0,0.0,10,46,0.0,0.0,0.0,0.0,2,50,0,600,0,55,0,0,0,0,0,0,0,0,0
33,2016-04-14 17:11:49.176,955,100000,100,INSTITUTIONSHOMOPHILY,true,10,10,6,14,6,0.85,0.5,0,0,0.001,0.001,0,30600,30500,189,30,25,0.0,0.0,0.0,0.0,7,48,0.0,0.0,0.0,0.0,2,50,0,600,0,55,0,0,0,0,0,0,0,0,0
33,2016-04-14 17:11:49.176,958,100000,100,INSTITUTIONSHOMOPHILY,true,10,10,6,14,6,0.85,0.5,0,0,0.001,0.001,0,30700,30600,181,37,24,0.0,0.0,0.0,0.0,15,42,0.0,0.0,0.0,0.0,2,50,0,600,0,57,0,0,0,0,0,0,0,0,0
33,2016-04-14 17:11:49.176,966,100000,100,INSTITUTIONSHOMOPHILY,true,10,10,6,14,6,0.85,0.5,0,0,0.001,0.001,0,30800,30700,189,31,16,0.0,0.0,0.0,0.0,11,47,0.0,0.0,0.0,0.0,2,50,0,600,0,56,0,0,0,0,0,0,0,0,0
33,2016-04-14 17:11:49.176,968,100000,100,INSTITUTIONSHOMOPHILY,true,10,10,6,14,6,0.85,0.5,0,0,0.001,0.001,0,30900,30800,186,25,27,0.0,0.0,0.0,0.0,8,48,0.0,0.0,0.0,0.0,2,50,0,600,0,57,0,0,0,0,0,0,0,0,0
33,2016-04-14 17:11:49.176,971,100000,100,INSTITUTIONSHOMOPHILY,true,10,10,6,14,6,0.85,0.5,0,0,0.001,0.001,0,31000,30900,199,29,27,0.0,0.0,0.0,0.0,9,47,0.0,0.0,0.0,0.0,2,50,0,600,0,58,0,0,0,0,0,0,0,0,0
33,2016-04-14 17:11:49.176,974,100000,100,INSTITUTIONSHOMOPHILY,true,10,10,6,14,6,0.85,0.5,0,0,0.001,0.001,0,31100,31000,189,32,26,0.0,0.0,0.0,0.0,9,47,0.0,0.0,0.0,0.0,2,50,0,600,0,56,0,0,0,0,0,0,0,0,0
33,2016-04-14 17:11:49.176,976,100000,100,INSTITUTIONSHOMOPHILY,true,10,10,6,14,6,0.85,0.5,0,0,0.001,0.001,0,31200,31100,182,40,25,0.0,0.0,0.0,0.0,16,45,0.0,0.0,0.0,0.0,2,50,0,600,0,54,0,0,0,0,0,0,0,0,0
33,2016-04-14 17:11:49.176,979,100000,100,INSTITUTIONSHOMOPHILY,true,10,10,6,14,6,0.85,0.5,0,0,0.001,0.001,0,31300,31200,192,41,16,0.0,0.0,0.0,0.0,12,46,0.0,0.0,0.0,0.0,2,50,0,600,0,61,0,0,0,0,0,0,0,0,0
33,2016-04-14 17:11:49.176,981,100000,100,INSTITUTIONSHOMOPHILY,true,10,10,6,14,6,0.85,0.5,0,0,0.001,0.001,0,31400,31300,193,31,23,0.0,0.0,0.0,0.0,9,47,0.0,0.0,0.0,0.0,2,50,0,600,0,58,0,0,0,0,0,0,0,0,0
33,2016-04-14 17:11:49.176,984,100000,100,INSTITUTIONSHOMOPHILY,true,10,10,6,14,6,0.85,0.5,0,0,0.001,0.001,0,31500,31400,190,37,20,0.0,0.0,0.0,0.0,12,45,0.0,0.0,0.0,0.0,2,50,0,600,0,55,0,0,0,0,0,0,0,0,0
33,2016-04-14 17:11:49.176,987,100000,100,INSTITUTIONSHOMOPHILY,true,10,10,6,14,6,0.85,0.5,0,0,0.001,0.001,0,31600,31500,184,27,25,0.0,0.0,0.0,0.0,10,47,0.0,0.0,0.0,0.0,2,50,0,600,0,57,0,0,0,0,0,0,0,0,0
33,2016-04-14 17:11:49.176,992,100000,100,INSTITUTIONSHOMOPHILY,true,10,10,6,14,6,0.85,0.5,0,0,0.001,0.001,0,31700,31600,187,45,25,0.0,0.0,0.0,0.0,16,45,0.0,0.0,0.0,0.0,2,50,0,600,0,58,0,0,0,0,0,0,0,0,0
33,2016-04-14 17:11:49.176,994,100000,100,INSTITUTIONSHOMOPHILY,true,10,10,6,14,6,0.85,0.5,0,0,0.001,0.001,0,31800,31700,181,32,25,0.0,0.0,0.0,0.0,12,45,0.0,0.0,0.0,0.0,2,50,0,600,0,56,0,0,0,0,0,0,0,0,0
33,2016-04-14 17:11:49.176,997,100000,100,INSTITUTIONSHOMOPHILY,true,10,10,6,14,6,0.85,0.5,0,0,0.001,0.001,0,31900,31800,194,36,17,0.0,0.0,0.0,0.0,10,44,0.0,0.0,0.0,0.0,2,50,0,600,0,52,0,0,0,0,0,0,0,0,0
33,2016-04-14 17:11:49.176,1000,100000,100,INSTITUTIONSHOMOPHILY,true,10,10,6,14,6,0.85,0.5,0,0,0.001,0.001,0,32000,31900,185,34,19,0.0,0.0,0.0,0.0,10,46,0.0,0.0,0.0,0.0,2,50,0,600,0,58,0,0,0,0,0,0,0,0,0
33,2016-04-14 17:11:49.176,1002,100000,100,INSTITUTIONSHOMOPHILY,true,10,10,6,14,6,0.85,0.5,0,0,0.001,0.001,0,32100,32000,181,29,27,0.0,0.0,0.0,0.0,10,47,0.0,0.0,0.0,0.0,2,50,0,600,0,56,0,0,0,0,0,0,0,0,0
33,2016-04-14 17:11:49.176,1005,100000,100,INSTITUTIONSHOMOPHILY,true,10,10,6,14,6,0.85,0.5,0,0,0.001,0.001,0,32200,32100,181,30,27,0.0,0.0,0.0,0.0,11,46,0.0,0.0,0.0,0.0,2,50,0,600,0,58,0,0,0,0,0,0,0,0,0
33,2016-04-14 17:11:49.176,1008,100000,100,INSTITUTIONSHOMOPHILY,true,10,10,6,14,6,0.85,0.5,0,0,0.001,0.001,0,32300,32200,181,31,24,0.0,0.0,0.0,0.0,11,44,0.0,0.0,0.0,0.0,2,50,0,600,0,58,0,0,0,0,0,0,0,0,0
33,2016-04-14 17:11:49.176,1013,100000,100,INSTITUTIONSHOMOPHILY,true,10,10,6,14,6,0.85,0.5,0,0,0.001,0.001,0,32400,32300,191,23,37,0.0,0.0,0.0,0.0,7,48,0.0,0.0,0.0,0.0,2,50,0,600,0,58,0,0,0,0,0,0,0,0,0
33,2016-04-14 17:11:49.176,1015,100000,100,INSTITUTIONSHOMOPHILY,true,10,10,6,14,6,0.85,0.5,0,0,0.001,0.001,0,32500,32400,185,24,35,0.0,0.0,0.0,0.0,8,48,0.0,0.0,0.0,0.0,2,50,0,600,0,55,0,0,0,0,0,0,0,0,0
33,2016-04-14 17:11:49.176,1018,100000,100,INSTITUTIONSHOMOPHILY,true,10,10,6,14,6,0.85,0.5,0,0,0.001,0.001,0,32600,32500,172,31,24,0.0,0.0,0.0,0.0,14,44,0.0,0.0,0.0,0.0,2,50,0,600,0,56,0,0,0,0,0,0,0,0,0
33,2016-04-14 17:11:49.176,1021,100000,100,INSTITUTIONSHOMOPHILY,true,10,10,6,14,6,0.85,0.5,0,0,0.001,0.001,0,32700,32600,175,41,23,0.0,0.0,0.0,0.0,15,43,0.0,0.0,0.0,0.0,2,50,0,600,0,55,0,0,0,0,0,0,0,0,0
33,2016-04-14 17:11:49.176,1023,100000,100,INSTITUTIONSHOMOPHILY,true,10,10,6,14,6,0.85,0.5,0,0,0.001,0.001,0,32800,32700,191,26,31,0.0,0.0,0.0,0.0,8,47,0.0,0.0,0.0,0.0,2,50,0,600,0,58,0,0,0,0,0,0,0,0,0
33,2016-04-14 17:11:49.176,1026,100000,100,INSTITUTIONSHOMOPHILY,true,10,10,6,14,6,0.85,0.5,0,0,0.001,0.001,0,32900,32800,186,28,25,0.0,0.0,0.0,0.0,7,47,0.0,0.0,0.0,0.0,2,50,0,600,0,58,0,0,0,0,0,0,0,0,0
33,2016-04-14 17:11:49.176,1028,100000,100,INSTITUTIONSHOMOPHILY,true,10,10,6,14,6,0.85,0.5,0,0,0.001,0.001,0,33000,32900,173,28,25,0.0,0.0,0.0,0.0,9,46,0.0,0.0,0.0,0.0,2,50,0,600,0,57,0,0,0,0,0,0,0,0,0
33,2016-04-14 17:11:49.176,1041,100000,100,INSTITUTIONSHOMOPHILY,true,10,10,6,14,6,0.85,0.5,0,0,0.001,0.001,0,33100,33000,183,31,37,0.0,0.0,0.0,0.0,11,45,0.0,0.0,0.0,0.0,2,50,0,600,0,54,0,0,0,0,0,0,0,0,0
33,2016-04-14 17:11:49.176,1044,100000,100,INSTITUTIONSHOMOPHILY,true,10,10,6,14,6,0.85,0.5,0,0,0.001,0.001,0,33200,33100,174,31,22,0.0,0.0,0.0,0.0,10,46,0.0,0.0,0.0,0.0,2,50,0,600,0,58,0,0,0,0,0,0,0,0,0
33,2016-04-14 17:11:49.176,1047,100000,100,INSTITUTIONSHOMOPHILY,true,10,10,6,14,6,0.85,0.5,0,0,0.001,0.001,0,33300,33200,184,25,24,0.0,0.0,0.0,0.0,8,47,0.0,0.0,0.0,0.0,2,50,0,600,0,55,0,0,0,0,0,0,0,0,0
33,2016-04-14 17:11:49.176,1050,100000,100,INSTITUTIONSHOMOPHILY,true,10,10,6,14,6,0.85,0.5,0,0,0.001,0.001,0,33400,33300,184,41,17,0.0,0.0,0.0,0.0,18,46,0.0,0.0,0.0,0.0,2,50,0,600,0,57,0,0,0,0,0,0,0,0,0
33,2016-04-14 17:11:49.176,1052,100000,100,INSTITUTIONSHOMOPHILY,true,10,10,6,14,6,0.85,0.5,0,0,0.001,0.001,0,33500,33400,181,18,38,0.0,0.0,0.0,0.0,3,50,0.0,0.0,0.0,0.0,2,50,0,600,0,57,0,0,0,0,0,0,0,0,0
33,2016-04-14 17:11:49.176,1055,100000,100,INSTITUTIONSHOMOPHILY,true,10,10,6,14,6,0.85,0.5,0,0,0.001,0.001,0,33600,33500,185,28,37,0.0,0.0,0.0,0.0,9,47,0.0,0.0,0.0,0.0,2,50,0,600,0,56,0,0,0,0,0,0,0,0,0
33,2016-04-14 17:11:49.176,1057,100000,100,INSTITUTIONSHOMOPHILY,true,10,10,6,14,6,0.85,0.5,0,0,0.001,0.001,0,33700,33600,182,37,22,0.0,0.0,0.0,0.0,12,46,0.0,0.0,0.0,0.0,2,50,0,600,0,57,0,0,0,0,0,0,0,0,0
33,2016-04-14 17:11:49.176,1060,100000,100,INSTITUTIONSHOMOPHILY,true,10,10,6,14,6,0.85,0.5,0,0,0.001,0.001,0,33800,33700,186,25,31,0.0,0.0,0.0,0.0,8,47,0.0,0.0,0.0,0.0,2,50,0,600,0,59,0,0,0,0,0,0,0,0,0
33,2016-04-14 17:11:49.176,1063,100000,100,INSTITUTIONSHOMOPHILY,true,10,10,6,14,6,0.85,0.5,0,0,0.001,0.001,0,33900,33800,186,32,24,0.0,0.0,0.0,0.0,10,45,0.0,0.0,0.0,0.0,2,50,0,600,0,59,0,0,0,0,0,0,0,0,0
33,2016-04-14 17:11:49.176,1065,100000,100,INSTITUTIONSHOMOPHILY,true,10,10,6,14,6,0.85,0.5,0,0,0.001,0.001,0,34000,33900,184,29,24,0.0,0.0,0.0,0.0,9,46,0.0,0.0,0.0,0.0,2,50,0,600,0,54,0,0,0,0,0,0,0,0,0
33,2016-04-14 17:11:49.176,1068,100000,100,INSTITUTIONSHOMOPHILY,true,10,10,6,14,6,0.85,0.5,0,0,0.001,0.001,0,34100,34000,179,39,22,0.0,0.0,0.0,0.0,12,42,0.0,0.0,0.0,0.0,2,50,0,600,0,58,0,0,0,0,0,0,0,0,0
33,2016-04-14 17:11:49.176,1070,100000,100,INSTITUTIONSHOMOPHILY,true,10,10,6,14,6,0.85,0.5,0,0,0.001,0.001,0,34200,34100,185,29,26,0.0,0.0,0.0,0.0,8,48,0.0,0.0,0.0,0.0,2,50,0,600,0,57,0,0,0,0,0,0,0,0,0
33,2016-04-14 17:11:49.176,1073,100000,100,INSTITUTIONSHOMOPHILY,true,10,10,6,14,6,0.85,0.5,0,0,0.001,0.001,0,34300,34200,178,25,27,0.0,0.0,0.0,0.0,7,48,0.0,0.0,0.0,0.0,2,50,0,600,0,56,0,0,0,0,0,0,0,0,0
33,2016-04-14 17:11:49.176,1076,100000,100,INSTITUTIONSHOMOPHILY,true,10,10,6,14,6,0.85,0.5,0,0,0.001,0.001,0,34400,34300,180,30,32,0.0,0.0,0.0,0.0,11,45,0.0,0.0,0.0,0.0,2,50,0,600,0,58,0,0,0,0,0,0,0,0,0
33,2016-04-14 17:11:49.176,1078,100000,100,INSTITUTIONSHOMOPHILY,true,10,10,6,14,6,0.85,0.5,0,0,0.001,0.001,0,34500,34400,189,25,38,0.0,0.0,0.0,0.0,9,49,0.0,0.0,0.0,0.0,2,50,0,600,0,59,0,0,0,0,0,0,0,0,0
33,2016-04-14 17:11:49.176,1082,100000,100,INSTITUTIONSHOMOPHILY,true,10,10,6,14,6,0.85,0.5,0,0,0.001,0.001,0,34600,34500,178,31,35,0.0,0.0,0.0,0.0,11,45,0.0,0.0,0.0,0.0,2,50,0,600,0,58,0,0,0,0,0,0,0,0,0
33,2016-04-14 17:11:49.176,1085,100000,100,INSTITUTIONSHOMOPHILY,true,10,10,6,14,6,0.85,0.5,0,0,0.001,0.001,0,34700,34600,183,30,16,0.0,0.0,0.0,0.0,9,45,0.0,0.0,0.0,0.0,2,50,0,600,0,56,0,0,0,0,0,0,0,0,0
33,2016-04-14 17:11:49.176,1087,100000,100,INSTITUTIONSHOMOPHILY,true,10,10,6,14,6,0.85,0.5,0,0,0.001,0.001,0,34800,34700,184,28,35,0.0,0.0,0.0,0.0,7,46,0.0,0.0,0.0,0.0,2,50,0,600,0,57,0,0,0,0,0,0,0,0,0
33,2016-04-14 17:11:49.176,1090,100000,100,INSTITUTIONSHOMOPHILY,true,10,10,6,14,6,0.85,0.5,0,0,0.001,0.001,0,34900,34800,185,31,26,0.0,0.0,0.0,0.0,8,46,0.0,0.0,0.0,0.0,2,50,0,600,0,58,0,0,0,0,0,0,0,0,0
33,2016-04-14 17:11:49.176,1092,100000,100,INSTITUTIONSHOMOPHILY,true,10,10,6,14,6,0.85,0.5,0,0,0.001,0.001,0,35000,34900,186,39,14,0.0,0.0,0.0,0.0,13,43,0.0,0.0,0.0,0.0,2,50,0,600,0,57,0,0,0,0,0,0,0,0,0
33,2016-04-14 17:11:49.176,1096,100000,100,INSTITUTIONSHOMOPHILY,true,10,10,6,14,6,0.85,0.5,0,0,0.001,0.001,0,35100,35000,182,40,28,0.0,0.0,0.0,0.0,11,45,0.0,0.0,0.0,0.0,2,50,0,600,0,56,0,0,0,0,0,0,0,0,0
33,2016-04-14 17:11:49.176,1099,100000,100,INSTITUTIONSHOMOPHILY,true,10,10,6,14,6,0.85,0.5,0,0,0.001,0.001,0,35200,35100,184,27,26,0.0,0.0,0.0,0.0,5,49,0.0,0.0,0.0,0.0,2,50,0,600,0,57,0,0,0,0,0,0,0,0,0
33,2016-04-14 17:11:49.176,1102,100000,100,INSTITUTIONSHOMOPHILY,true,10,10,6,14,6,0.85,0.5,0,0,0.001,0.001,0,35300,35200,185,35,17,0.0,0.0,0.0,0.0,12,44,0.0,0.0,0.0,0.0,2,50,0,600,0,58,0,0,0,0,0,0,0,0,0
33,2016-04-14 17:11:49.176,1106,100000,100,INSTITUTIONSHOMOPHILY,true,10,10,6,14,6,0.85,0.5,0,0,0.001,0.001,0,35400,35300,187,23,37,0.0,0.0,0.0,0.0,7,48,0.0,0.0,0.0,0.0,2,50,0,600,0,57,0,0,0,0,0,0,0,0,0
33,2016-04-14 17:11:49.176,1108,100000,100,INSTITUTIONSHOMOPHILY,true,10,10,6,14,6,0.85,0.5,0,0,0.001,0.001,0,35500,35400,184,29,29,0.0,0.0,0.0,0.0,11,46,0.0,0.0,0.0,0.0,2,50,0,600,0,58,0,0,0,0,0,0,0,0,0
33,2016-04-14 17:11:49.176,1114,100000,100,INSTITUTIONSHOMOPHILY,true,10,10,6,14,6,0.85,0.5,0,0,0.001,0.001,0,35600,35500,177,31,29,0.0,0.0,0.0,0.0,11,45,0.0,0.0,0.0,0.0,2,50,0,600,0,58,0,0,0,0,0,0,0,0,0
33,2016-04-14 17:11:49.176,1117,100000,100,INSTITUTIONSHOMOPHILY,true,10,10,6,14,6,0.85,0.5,0,0,0.001,0.001,0,35700,35600,186,26,29,0.0,0.0,0.0,0.0,8,47,0.0,0.0,0.0,0.0,2,50,0,600,0,59,0,0,0,0,0,0,0,0,0
33,2016-04-14 17:11:49.176,1120,100000,100,INSTITUTIONSHOMOPHILY,true,10,10,6,14,6,0.85,0.5,0,0,0.001,0.001,0,35800,35700,184,27,36,0.0,0.0,0.0,0.0,8,47,0.0,0.0,0.0,0.0,2,50,0,600,0,57,0,0,0,0,0,0,0,0,0
33,2016-04-14 17:11:49.176,1123,100000,100,INSTITUTIONSHOMOPHILY,true,10,10,6,14,6,0.85,0.5,0,0,0.001,0.001,0,35900,35800,187,22,38,0.0,0.0,0.0,0.0,5,50,0.0,0.0,0.0,0.0,2,50,0,600,0,58,0,0,0,0,0,0,0,0,0
33,2016-04-14 17:11:49.176,1125,100000,100,INSTITUTIONSHOMOPHILY,true,10,10,6,14,6,0.85,0.5,0,0,0.001,0.001,0,36000,35900,179,36,21,0.0,0.0,0.0,0.0,12,42,0.0,0.0,0.0,0.0,2,50,0,600,0,55,0,0,0,0,0,0,0,0,0
33,2016-04-14 17:11:49.176,1128,100000,100,INSTITUTIONSHOMOPHILY,true,10,10,6,14,6,0.85,0.5,0,0,0.001,0.001,0,36100,36000,185,35,26,0.0,0.0,0.0,0.0,10,45,0.0,0.0,0.0,0.0,2,50,0,600,0,55,0,0,0,0,0,0,0,0,0
33,2016-04-14 17:11:49.176,1131,100000,100,INSTITUTIONSHOMOPHILY,true,10,10,6,14,6,0.85,0.5,0,0,0.001,0.001,0,36200,36100,183,33,29,0.0,0.0,0.0,0.0,13,45,0.0,0.0,0.0,0.0,2,50,0,600,0,56,0,0,0,0,0,0,0,0,0
33,2016-04-14 17:11:49.176,1134,100000,100,INSTITUTIONSHOMOPHILY,true,10,10,6,14,6,0.85,0.5,0,0,0.001,0.001,0,36300,36200,188,22,27,0.0,0.0,0.0,0.0,5,49,0.0,0.0,0.0,0.0,2,50,0,600,0,57,0,0,0,0,0,0,0,0,0
33,2016-04-14 17:11:49.176,1136,100000,100,INSTITUTIONSHOMOPHILY,true,10,10,6,14,6,0.85,0.5,0,0,0.001,0.001,0,36400,36300,195,34,17,0.0,0.0,0.0,0.0,11,45,0.0,0.0,0.0,0.0,2,50,0,600,0,56,0,0,0,0,0,0,0,0,0
33,2016-04-14 17:11:49.176,1139,100000,100,INSTITUTIONSHOMOPHILY,true,10,10,6,14,6,0.85,0.5,0,0,0.001,0.001,0,36500,36400,191,30,32,0.0,0.0,0.0,0.0,11,46,0.0,0.0,0.0,0.0,2,50,0,600,0,59,0,0,0,0,0,0,0,0,0
33,2016-04-14 17:11:49.176,1142,100000,100,INSTITUTIONSHOMOPHILY,true,10,10,6,14,6,0.85,0.5,0,0,0.001,0.001,0,36600,36500,189,20,35,0.0,0.0,0.0,0.0,5,49,0.0,0.0,0.0,0.0,2,50,0,600,0,57,0,0,0,0,0,0,0,0,0
33,2016-04-14 17:11:49.176,1145,100000,100,INSTITUTIONSHOMOPHILY,true,10,10,6,14,6,0.85,0.5,0,0,0.001,0.001,0,36700,36600,193,33,21,0.0,0.0,0.0,0.0,12,46,0.0,0.0,0.0,0.0,2,50,0,600,0,54,0,0,0,0,0,0,0,0,0
33,2016-04-14 17:11:49.176,1148,100000,100,INSTITUTIONSHOMOPHILY,true,10,10,6,14,6,0.85,0.5,0,0,0.001,0.001,0,36800,36700,178,32,22,0.0,0.0,0.0,0.0,12,45,0.0,0.0,0.0,0.0,2,50,0,600,0,56,0,0,0,0,0,0,0,0,0
33,2016-04-14 17:11:49.176,1151,100000,100,INSTITUTIONSHOMOPHILY,true,10,10,6,14,6,0.85,0.5,0,0,0.001,0.001,0,36900,36800,183,25,27,0.0,0.0,0.0,0.0,5,47,0.0,0.0,0.0,0.0,2,50,0,600,0,57,0,0,0,0,0,0,0,0,0
33,2016-04-14 17:11:49.176,1154,100000,100,INSTITUTIONSHOMOPHILY,true,10,10,6,14,6,0.85,0.5,0,0,0.001,0.001,0,37000,36900,194,26,27,0.0,0.0,0.0,0.0,9,46,0.0,0.0,0.0,0.0,2,50,0,600,0,58,0,0,0,0,0,0,0,0,0
33,2016-04-14 17:11:49.176,1156,100000,100,INSTITUTIONSHOMOPHILY,true,10,10,6,14,6,0.85,0.5,0,0,0.001,0.001,0,37100,37000,183,32,34,0.0,0.0,0.0,0.0,10,46,0.0,0.0,0.0,0.0,2,50,0,600,0,58,0,0,0,0,0,0,0,0,0
33,2016-04-14 17:11:49.176,1159,100000,100,INSTITUTIONSHOMOPHILY,true,10,10,6,14,6,0.85,0.5,0,0,0.001,0.001,0,37200,37100,185,35,21,0.0,0.0,0.0,0.0,14,45,0.0,0.0,0.0,0.0,2,50,0,600,0,55,0,0,0,0,0,0,0,0,0
33,2016-04-14 17:11:49.176,1162,100000,100,INSTITUTIONSHOMOPHILY,true,10,10,6,14,6,0.85,0.5,0,0,0.001,0.001,0,37300,37200,187,38,27,0.0,0.0,0.0,0.0,9,46,0.0,0.0,0.0,0.0,2,50,0,600,0,58,0,0,0,0,0,0,0,0,0
33,2016-04-14 17:11:49.176,1164,100000,100,INSTITUTIONSHOMOPHILY,true,10,10,6,14,6,0.85,0.5,0,0,0.001,0.001,0,37400,37300,201,37,18,0.0,0.0,0.0,0.0,13,44,0.0,0.0,0.0,0.0,2,50,0,600,0,59,0,0,0,0,0,0,0,0,0
33,2016-04-14 17:11:49.176,1167,100000,100,INSTITUTIONSHOMOPHILY,true,10,10,6,14,6,0.85,0.5,0,0,0.001,0.001,0,37500,37400,183,35,17,0.0,0.0,0.0,0.0,12,44,0.0,0.0,0.0,0.0,2,50,0,600,0,57,0,0,0,0,0,0,0,0,0
33,2016-04-14 17:11:49.176,1170,100000,100,INSTITUTIONSHOMOPHILY,true,10,10,6,14,6,0.85,0.5,0,0,0.001,0.001,0,37600,37500,185,26,24,0.0,0.0,0.0,0.0,7,47,0.0,0.0,0.0,0.0,2,50,0,600,0,58,0,0,0,0,0,0,0,0,0
33,2016-04-14 17:11:49.176,1172,100000,100,INSTITUTIONSHOMOPHILY,true,10,10,6,14,6,0.85,0.5,0,0,0.001,0.001,0,37700,37600,179,23,36,0.0,0.0,0.0,0.0,7,50,0.0,0.0,0.0,0.0,2,50,0,600,0,57,0,0,0,0,0,0,0,0,0
33,2016-04-14 17:11:49.176,1175,100000,100,INSTITUTIONSHOMOPHILY,true,10,10,6,14,6,0.85,0.5,0,0,0.001,0.001,0,37800,37700,188,32,18,0.0,0.0,0.0,0.0,13,44,0.0,0.0,0.0,0.0,2,50,0,600,0,56,0,0,0,0,0,0,0,0,0
33,2016-04-14 17:11:49.176,1178,100000,100,INSTITUTIONSHOMOPHILY,true,10,10,6,14,6,0.85,0.5,0,0,0.001,0.001,0,37900,37800,194,46,15,0.0,0.0,0.0,0.0,13,42,0.0,0.0,0.0,0.0,2,50,0,600,0,59,0,0,0,0,0,0,0,0,0
33,2016-04-14 17:11:49.176,1181,100000,100,INSTITUTIONSHOMOPHILY,true,10,10,6,14,6,0.85,0.5,0,0,0.001,0.001,0,38000,37900,184,32,25,0.0,0.0,0.0,0.0,10,45,0.0,0.0,0.0,0.0,2,50,0,600,0,57,0,0,0,0,0,0,0,0,0
33,2016-04-14 17:11:49.176,1184,100000,100,INSTITUTIONSHOMOPHILY,true,10,10,6,14,6,0.85,0.5,0,0,0.001,0.001,0,38100,38000,186,35,20,0.0,0.0,0.0,0.0,8,48,0.0,0.0,0.0,0.0,2,50,0,600,0,57,0,0,0,0,0,0,0,0,0
33,2016-04-14 17:11:49.176,1186,100000,100,INSTITUTIONSHOMOPHILY,true,10,10,6,14,6,0.85,0.5,0,0,0.001,0.001,0,38200,38100,189,28,27,0.0,0.0,0.0,0.0,6,50,0.0,0.0,0.0,0.0,2,50,0,600,0,58,0,0,0,0,0,0,0,0,0
33,2016-04-14 17:11:49.176,1189,100000,100,INSTITUTIONSHOMOPHILY,true,10,10,6,14,6,0.85,0.5,0,0,0.001,0.001,0,38300,38200,182,29,26,0.0,0.0,0.0,0.0,7,46,0.0,0.0,0.0,0.0,2,50,0,600,0,58,0,0,0,0,0,0,0,0,0
33,2016-04-14 17:11:49.176,1191,100000,100,INSTITUTIONSHOMOPHILY,true,10,10,6,14,6,0.85,0.5,0,0,0.001,0.001,0,38400,38300,183,27,25,0.0,0.0,0.0,0.0,10,47,0.0,0.0,0.0,0.0,2,50,0,600,0,58,0,0,0,0,0,0,0,0,0
33,2016-04-14 17:11:49.176,1194,100000,100,INSTITUTIONSHOMOPHILY,true,10,10,6,14,6,0.85,0.5,0,0,0.001,0.001,0,38500,38400,185,35,18,0.0,0.0,0.0,0.0,11,43,0.0,0.0,0.0,0.0,2,50,0,600,0,57,0,0,0,0,0,0,0,0,0
33,2016-04-14 17:11:49.176,1197,100000,100,INSTITUTIONSHOMOPHILY,true,10,10,6,14,6,0.85,0.5,0,0,0.001,0.001,0,38600,38500,173,33,34,0.0,0.0,0.0,0.0,12,44,0.0,0.0,0.0,0.0,2,50,0,600,0,56,0,0,0,0,0,0,0,0,0
33,2016-04-14 17:11:49.176,1199,100000,100,INSTITUTIONSHOMOPHILY,true,10,10,6,14,6,0.85,0.5,0,0,0.001,0.001,0,38700,38600,180,26,27,0.0,0.0,0.0,0.0,8,48,0.0,0.0,0.0,0.0,2,50,0,600,0,54,0,0,0,0,0,0,0,0,0
33,2016-04-14 17:11:49.176,1202,100000,100,INSTITUTIONSHOMOPHILY,true,10,10,6,14,6,0.85,0.5,0,0,0.001,0.001,0,38800,38700,187,37,25,0.0,0.0,0.0,0.0,13,47,0.0,0.0,0.0,0.0,2,50,0,600,0,55,0,0,0,0,0,0,0,0,0
33,2016-04-14 17:11:49.176,1205,100000,100,INSTITUTIONSHOMOPHILY,true,10,10,6,14,6,0.85,0.5,0,0,0.001,0.001,0,38900,38800,186,27,34,0.0,0.0,0.0,0.0,7,48,0.0,0.0,0.0,0.0,2,50,0,600,0,58,0,0,0,0,0,0,0,0,0
33,2016-04-14 17:11:49.176,1207,100000,100,INSTITUTIONSHOMOPHILY,true,10,10,6,14,6,0.85,0.5,0,0,0.001,0.001,0,39000,38900,181,30,26,0.0,0.0,0.0,0.0,9,46,0.0,0.0,0.0,0.0,2,50,0,600,0,56,0,0,0,0,0,0,0,0,0
33,2016-04-14 17:11:49.176,1210,100000,100,INSTITUTIONSHOMOPHILY,true,10,10,6,14,6,0.85,0.5,0,0,0.001,0.001,0,39100,39000,188,37,23,0.0,0.0,0.0,0.0,11,42,0.0,0.0,0.0,0.0,2,50,0,600,0,60,0,0,0,0,0,0,0,0,0
33,2016-04-14 17:11:49.176,1213,100000,100,INSTITUTIONSHOMOPHILY,true,10,10,6,14,6,0.85,0.5,0,0,0.001,0.001,0,39200,39100,193,26,31,0.0,0.0,0.0,0.0,8,47,0.0,0.0,0.0,0.0,2,50,0,600,0,56,0,0,0,0,0,0,0,0,0
33,2016-04-14 17:11:49.176,1215,100000,100,INSTITUTIONSHOMOPHILY,true,10,10,6,14,6,0.85,0.5,0,0,0.001,0.001,0,39300,39200,188,45,13,0.0,0.0,0.0,0.0,11,41,0.0,0.0,0.0,0.0,2,50,0,600,0,57,0,0,0,0,0,0,0,0,0
33,2016-04-14 17:11:49.176,1218,100000,100,INSTITUTIONSHOMOPHILY,true,10,10,6,14,6,0.85,0.5,0,0,0.001,0.001,0,39400,39300,190,33,18,0.0,0.0,0.0,0.0,8,45,0.0,0.0,0.0,0.0,2,50,0,600,0,59,0,0,0,0,0,0,0,0,0
33,2016-04-14 17:11:49.176,1220,100000,100,INSTITUTIONSHOMOPHILY,true,10,10,6,14,6,0.85,0.5,0,0,0.001,0.001,0,39500,39400,179,36,22,0.0,0.0,0.0,0.0,14,44,0.0,0.0,0.0,0.0,2,50,0,600,0,57,0,0,0,0,0,0,0,0,0
33,2016-04-14 17:11:49.176,1223,100000,100,INSTITUTIONSHOMOPHILY,true,10,10,6,14,6,0.85,0.5,0,0,0.001,0.001,0,39600,39500,184,38,16,0.0,0.0,0.0,0.0,9,45,0.0,0.0,0.0,0.0,2,50,0,600,0,57,0,0,0,0,0,0,0,0,0
33,2016-04-14 17:11:49.176,1225,100000,100,INSTITUTIONSHOMOPHILY,true,10,10,6,14,6,0.85,0.5,0,0,0.001,0.001,0,39700,39600,186,50,7,0.0,0.0,0.0,0.0,14,41,0.0,0.0,0.0,0.0,2,50,0,600,0,55,0,0,0,0,0,0,0,0,0
33,2016-04-14 17:11:49.176,1229,100000,100,INSTITUTIONSHOMOPHILY,true,10,10,6,14,6,0.85,0.5,0,0,0.001,0.001,0,39800,39700,180,29,26,0.0,0.0,0.0,0.0,11,47,0.0,0.0,0.0,0.0,2,50,0,600,0,56,0,0,0,0,0,0,0,0,0
33,2016-04-14 17:11:49.176,1232,100000,100,INSTITUTIONSHOMOPHILY,true,10,10,6,14,6,0.85,0.5,0,0,0.001,0.001,0,39900,39800,184,31,36,0.0,0.0,0.0,0.0,10,47,0.0,0.0,0.0,0.0,2,50,0,600,0,55,0,0,0,0,0,0,0,0,0
33,2016-04-14 17:11:49.176,1235,100000,100,INSTITUTIONSHOMOPHILY,true,10,10,6,14,6,0.85,0.5,0,0,0.001,0.001,0,40000,39900,178,27,28,0.0,0.0,0.0,0.0,9,46,0.0,0.0,0.0,0.0,2,50,0,600,0,54,0,0,0,0,0,0,0,0,0
33,2016-04-14 17:11:49.176,1237,100000,100,INSTITUTIONSHOMOPHILY,true,10,10,6,14,6,0.85,0.5,0,0,0.001,0.001,0,40100,40000,197,32,30,0.0,0.0,0.0,0.0,7,46,0.0,0.0,0.0,0.0,2,50,0,600,0,57,0,0,0,0,0,0,0,0,0
33,2016-04-14 17:11:49.176,1240,100000,100,INSTITUTIONSHOMOPHILY,true,10,10,6,14,6,0.85,0.5,0,0,0.001,0.001,0,40200,40100,189,36,23,0.0,0.0,0.0,0.0,13,45,0.0,0.0,0.0,0.0,2,50,0,600,0,58,0,0,0,0,0,0,0,0,0
33,2016-04-14 17:11:49.176,1243,100000,100,INSTITUTIONSHOMOPHILY,true,10,10,6,14,6,0.85,0.5,0,0,0.001,0.001,0,40300,40200,184,30,12,0.0,0.0,0.0,0.0,8,46,0.0,0.0,0.0,0.0,2,50,0,600,0,57,0,0,0,0,0,0,0,0,0
33,2016-04-14 17:11:49.176,1247,100000,100,INSTITUTIONSHOMOPHILY,true,10,10,6,14,6,0.85,0.5,0,0,0.001,0.001,0,40400,40300,189,29,36,0.0,0.0,0.0,0.0,9,46,0.0,0.0,0.0,0.0,2,50,0,600,0,54,0,0,0,0,0,0,0,0,0
33,2016-04-14 17:11:49.176,1249,100000,100,INSTITUTIONSHOMOPHILY,true,10,10,6,14,6,0.85,0.5,0,0,0.001,0.001,0,40500,40400,186,35,21,0.0,0.0,0.0,0.0,11,46,0.0,0.0,0.0,0.0,2,50,0,600,0,58,0,0,0,0,0,0,0,0,0
33,2016-04-14 17:11:49.176,1252,100000,100,INSTITUTIONSHOMOPHILY,true,10,10,6,14,6,0.85,0.5,0,0,0.001,0.001,0,40600,40500,191,33,25,0.0,0.0,0.0,0.0,8,46,0.0,0.0,0.0,0.0,2,50,0,600,0,58,0,0,0,0,0,0,0,0,0
33,2016-04-14 17:11:49.176,1254,100000,100,INSTITUTIONSHOMOPHILY,true,10,10,6,14,6,0.85,0.5,0,0,0.001,0.001,0,40700,40600,176,31,26,0.0,0.0,0.0,0.0,8,48,0.0,0.0,0.0,0.0,2,50,0,600,0,55,0,0,0,0,0,0,0,0,0
33,2016-04-14 17:11:49.176,1257,100000,100,INSTITUTIONSHOMOPHILY,true,10,10,6,14,6,0.85,0.5,0,0,0.001,0.001,0,40800,40700,181,27,38,0.0,0.0,0.0,0.0,10,48,0.0,0.0,0.0,0.0,2,50,0,600,0,56,0,0,0,0,0,0,0,0,0
33,2016-04-14 17:11:49.176,1260,100000,100,INSTITUTIONSHOMOPHILY,true,10,10,6,14,6,0.85,0.5,0,0,0.001,0.001,0,40900,40800,178,39,15,0.0,0.0,0.0,0.0,14,45,0.0,0.0,0.0,0.0,2,50,0,600,0,57,0,0,0,0,0,0,0,0,0
33,2016-04-14 17:11:49.176,1262,100000,100,INSTITUTIONSHOMOPHILY,true,10,10,6,14,6,0.85,0.5,0,0,0.001,0.001,0,41000,40900,195,32,20,0.0,0.0,0.0,0.0,7,47,0.0,0.0,0.0,0.0,2,50,0,600,0,56,0,0,0,0,0,0,0,0,0
33,2016-04-14 17:11:49.176,1265,100000,100,INSTITUTIONSHOMOPHILY,true,10,10,6,14,6,0.85,0.5,0,0,0.001,0.001,0,41100,41000,187,25,37,0.0,0.0,0.0,0.0,9,49,0.0,0.0,0.0,0.0,2,50,0,600,0,57,0,0,0,0,0,0,0,0,0
33,2016-04-14 17:11:49.176,1268,100000,100,INSTITUTIONSHOMOPHILY,true,10,10,6,14,6,0.85,0.5,0,0,0.001,0.001,0,41200,41100,183,30,24,0.0,0.0,0.0,0.0,12,45,0.0,0.0,0.0,0.0,2,50,0,600,0,56,0,0,0,0,0,0,0,0,0
33,2016-04-14 17:11:49.176,1270,100000,100,INSTITUTIONSHOMOPHILY,true,10,10,6,14,6,0.85,0.5,0,0,0.001,0.001,0,41300,41200,187,32,35,0.0,0.0,0.0,0.0,11,47,0.0,0.0,0.0,0.0,2,50,0,600,0,58,0,0,0,0,0,0,0,0,0
33,2016-04-14 17:11:49.176,1273,100000,100,INSTITUTIONSHOMOPHILY,true,10,10,6,14,6,0.85,0.5,0,0,0.001,0.001,0,41400,41300,182,32,26,0.0,0.0,0.0,0.0,14,46,0.0,0.0,0.0,0.0,2,50,0,600,0,58,0,0,0,0,0,0,0,0,0
33,2016-04-14 17:11:49.176,1275,100000,100,INSTITUTIONSHOMOPHILY,true,10,10,6,14,6,0.85,0.5,0,0,0.001,0.001,0,41500,41400,191,32,22,0.0,0.0,0.0,0.0,10,47,0.0,0.0,0.0,0.0,2,50,0,600,0,57,0,0,0,0,0,0,0,0,0
33,2016-04-14 17:11:49.176,1279,100000,100,INSTITUTIONSHOMOPHILY,true,10,10,6,14,6,0.85,0.5,0,0,0.001,0.001,0,41600,41500,186,23,26,0.0,0.0,0.0,0.0,7,48,0.0,0.0,0.0,0.0,2,50,0,600,0,57,0,0,0,0,0,0,0,0,0
33,2016-04-14 17:11:49.176,1282,100000,100,INSTITUTIONSHOMOPHILY,true,10,10,6,14,6,0.85,0.5,0,0,0.001,0.001,0,41700,41600,181,36,22,0.0,0.0,0.0,0.0,11,45,0.0,0.0,0.0,0.0,2,50,0,600,0,59,0,0,0,0,0,0,0,0,0
33,2016-04-14 17:11:49.176,1285,100000,100,INSTITUTIONSHOMOPHILY,true,10,10,6,14,6,0.85,0.5,0,0,0.001,0.001,0,41800,41700,183,27,38,0.0,0.0,0.0,0.0,7,49,0.0,0.0,0.0,0.0,2,50,0,600,0,55,0,0,0,0,0,0,0,0,0
33,2016-04-14 17:11:49.176,1288,100000,100,INSTITUTIONSHOMOPHILY,true,10,10,6,14,6,0.85,0.5,0,0,0.001,0.001,0,41900,41800,182,35,33,0.0,0.0,0.0,0.0,14,45,0.0,0.0,0.0,0.0,2,50,0,600,0,57,0,0,0,0,0,0,0,0,0
33,2016-04-14 17:11:49.176,1292,100000,100,INSTITUTIONSHOMOPHILY,true,10,10,6,14,6,0.85,0.5,0,0,0.001,0.001,0,42000,41900,185,33,36,0.0,0.0,0.0,0.0,12,46,0.0,0.0,0.0,0.0,2,50,0,600,0,54,0,0,0,0,0,0,0,0,0
33,2016-04-14 17:11:49.176,1306,100000,100,INSTITUTIONSHOMOPHILY,true,10,10,6,14,6,0.85,0.5,0,0,0.001,0.001,0,42100,42000,185,26,36,0.0,0.0,0.0,0.0,8,45,0.0,0.0,0.0,0.0,2,50,0,600,0,57,0,0,0,0,0,0,0,0,0
33,2016-04-14 17:11:49.176,1309,100000,100,INSTITUTIONSHOMOPHILY,true,10,10,6,14,6,0.85,0.5,0,0,0.001,0.001,0,42200,42100,186,20,36,0.0,0.0,0.0,0.0,5,49,0.0,0.0,0.0,0.0,2,50,0,600,0,56,0,0,0,0,0,0,0,0,0
33,2016-04-14 17:11:49.176,1313,100000,100,INSTITUTIONSHOMOPHILY,true,10,10,6,14,6,0.85,0.5,0,0,0.001,0.001,0,42300,42200,183,44,23,0.0,0.0,0.0,0.0,12,42,0.0,0.0,0.0,0.0,2,50,0,600,0,57,0,0,0,0,0,0,0,0,0
33,2016-04-14 17:11:49.176,1316,100000,100,INSTITUTIONSHOMOPHILY,true,10,10,6,14,6,0.85,0.5,0,0,0.001,0.001,0,42400,42300,183,32,27,0.0,0.0,0.0,0.0,10,46,0.0,0.0,0.0,0.0,2,50,0,600,0,57,0,0,0,0,0,0,0,0,0
33,2016-04-14 17:11:49.176,1319,100000,100,INSTITUTIONSHOMOPHILY,true,10,10,6,14,6,0.85,0.5,0,0,0.001,0.001,0,42500,42400,169,31,21,0.0,0.0,0.0,0.0,11,44,0.0,0.0,0.0,0.0,2,50,0,600,0,57,0,0,0,0,0,0,0,0,0
33,2016-04-14 17:11:49.176,1321,100000,100,INSTITUTIONSHOMOPHILY,true,10,10,6,14,6,0.85,0.5,0,0,0.001,0.001,0,42600,42500,192,30,22,0.0,0.0,0.0,0.0,8,49,0.0,0.0,0.0,0.0,2,50,0,600,0,57,0,0,0,0,0,0,0,0,0
33,2016-04-14 17:11:49.176,1324,100000,100,INSTITUTIONSHOMOPHILY,true,10,10,6,14,6,0.85,0.5,0,0,0.001,0.001,0,42700,42600,175,31,29,0.0,0.0,0.0,0.0,8,46,0.0,0.0,0.0,0.0,2,50,0,600,0,55,0,0,0,0,0,0,0,0,0
33,2016-04-14 17:11:49.176,1327,100000,100,INSTITUTIONSHOMOPHILY,true,10,10,6,14,6,0.85,0.5,0,0,0.001,0.001,0,42800,42700,179,37,10,0.0,0.0,0.0,0.0,13,43,0.0,0.0,0.0,0.0,2,50,0,600,0,54,0,0,0,0,0,0,0,0,0
33,2016-04-14 17:11:49.176,1330,100000,100,INSTITUTIONSHOMOPHILY,true,10,10,6,14,6,0.85,0.5,0,0,0.001,0.001,0,42900,42800,186,30,26,0.0,0.0,0.0,0.0,9,49,0.0,0.0,0.0,0.0,2,50,0,600,0,55,0,0,0,0,0,0,0,0,0
33,2016-04-14 17:11:49.176,1333,100000,100,INSTITUTIONSHOMOPHILY,true,10,10,6,14,6,0.85,0.5,0,0,0.001,0.001,0,43000,42900,187,28,24,0.0,0.0,0.0,0.0,7,47,0.0,0.0,0.0,0.0,2,50,0,600,0,58,0,0,0,0,0,0,0,0,0
33,2016-04-14 17:11:49.176,1335,100000,100,INSTITUTIONSHOMOPHILY,true,10,10,6,14,6,0.85,0.5,0,0,0.001,0.001,0,43100,43000,188,32,22,0.0,0.0,0.0,0.0,10,48,0.0,0.0,0.0,0.0,2,50,0,600,0,57,0,0,0,0,0,0,0,0,0
33,2016-04-14 17:11:49.176,1338,100000,100,INSTITUTIONSHOMOPHILY,true,10,10,6,14,6,0.85,0.5,0,0,0.001,0.001,0,43200,43100,190,29,18,0.0,0.0,0.0,0.0,9,47,0.0,0.0,0.0,0.0,2,50,0,600,0,55,0,0,0,0,0,0,0,0,0
33,2016-04-14 17:11:49.176,1340,100000,100,INSTITUTIONSHOMOPHILY,true,10,10,6,14,6,0.85,0.5,0,0,0.001,0.001,0,43300,43200,180,33,21,0.0,0.0,0.0,0.0,13,43,0.0,0.0,0.0,0.0,2,50,0,600,0,57,0,0,0,0,0,0,0,0,0
33,2016-04-14 17:11:49.176,1343,100000,100,INSTITUTIONSHOMOPHILY,true,10,10,6,14,6,0.85,0.5,0,0,0.001,0.001,0,43400,43300,187,30,26,0.0,0.0,0.0,0.0,7,47,0.0,0.0,0.0,0.0,2,50,0,600,0,54,0,0,0,0,0,0,0,0,0
33,2016-04-14 17:11:49.176,1345,100000,100,INSTITUTIONSHOMOPHILY,true,10,10,6,14,6,0.85,0.5,0,0,0.001,0.001,0,43500,43400,193,34,18,0.0,0.0,0.0,0.0,10,44,0.0,0.0,0.0,0.0,2,50,0,600,0,57,0,0,0,0,0,0,0,0,0
33,2016-04-14 17:11:49.176,1348,100000,100,INSTITUTIONSHOMOPHILY,true,10,10,6,14,6,0.85,0.5,0,0,0.001,0.001,0,43600,43500,194,28,31,0.0,0.0,0.0,0.0,9,46,0.0,0.0,0.0,0.0,2,50,0,600,0,57,0,0,0,0,0,0,0,0,0
33,2016-04-14 17:11:49.176,1351,100000,100,INSTITUTIONSHOMOPHILY,true,10,10,6,14,6,0.85,0.5,0,0,0.001,0.001,0,43700,43600,191,27,26,0.0,0.0,0.0,0.0,6,47,0.0,0.0,0.0,0.0,2,50,0,600,0,56,0,0,0,0,0,0,0,0,0
33,2016-04-14 17:11:49.176,1354,100000,100,INSTITUTIONSHOMOPHILY,true,10,10,6,14,6,0.85,0.5,0,0,0.001,0.001,0,43800,43700,178,39,15,0.0,0.0,0.0,0.0,14,44,0.0,0.0,0.0,0.0,2,50,0,600,0,54,0,0,0,0,0,0,0,0,0
33,2016-04-14 17:11:49.176,1357,100000,100,INSTITUTIONSHOMOPHILY,true,10,10,6,14,6,0.85,0.5,0,0,0.001,0.001,0,43900,43800,179,28,27,0.0,0.0,0.0,0.0,7,48,0.0,0.0,0.0,0.0,2,50,0,600,0,59,0,0,0,0,0,0,0,0,0
33,2016-04-14 17:11:49.176,1359,100000,100,INSTITUTIONSHOMOPHILY,true,10,10,6,14,6,0.85,0.5,0,0,0.001,0.001,0,44000,43900,196,39,14,0.0,0.0,0.0,0.0,7,47,0.0,0.0,0.0,0.0,2,50,0,600,0,57,0,0,0,0,0,0,0,0,0
33,2016-04-14 17:11:49.176,1362,100000,100,INSTITUTIONSHOMOPHILY,true,10,10,6,14,6,0.85,0.5,0,0,0.001,0.001,0,44100,44000,184,36,21,0.0,0.0,0.0,0.0,12,46,0.0,0.0,0.0,0.0,2,50,0,600,0,51,0,0,0,0,0,0,0,0,0
33,2016-04-14 17:11:49.176,1365,100000,100,INSTITUTIONSHOMOPHILY,true,10,10,6,14,6,0.85,0.5,0,0,0.001,0.001,0,44200,44100,187,18,26,0.0,0.0,0.0,0.0,4,49,0.0,0.0,0.0,0.0,2,50,0,600,0,56,0,0,0,0,0,0,0,0,0
33,2016-04-14 17:11:49.176,1367,100000,100,INSTITUTIONSHOMOPHILY,true,10,10,6,14,6,0.85,0.5,0,0,0.001,0.001,0,44300,44200,180,22,37,0.0,0.0,0.0,0.0,8,49,0.0,0.0,0.0,0.0,2,50,0,600,0,57,0,0,0,0,0,0,0,0,0
33,2016-04-14 17:11:49.176,1370,100000,100,INSTITUTIONSHOMOPHILY,true,10,10,6,14,6,0.85,0.5,0,0,0.001,0.001,0,44400,44300,189,26,36,0.0,0.0,0.0,0.0,9,47,0.0,0.0,0.0,0.0,2,50,0,600,0,57,0,0,0,0,0,0,0,0,0
33,2016-04-14 17:11:49.176,1373,100000,100,INSTITUTIONSHOMOPHILY,true,10,10,6,14,6,0.85,0.5,0,0,0.001,0.001,0,44500,44400,179,36,23,0.0,0.0,0.0,0.0,12,44,0.0,0.0,0.0,0.0,2,50,0,600,0,54,0,0,0,0,0,0,0,0,0
33,2016-04-14 17:11:49.176,1375,100000,100,INSTITUTIONSHOMOPHILY,true,10,10,6,14,6,0.85,0.5,0,0,0.001,0.001,0,44600,44500,191,38,25,0.0,0.0,0.0,0.0,15,44,0.0,0.0,0.0,0.0,2,50,0,600,0,56,0,0,0,0,0,0,0,0,0
33,2016-04-14 17:11:49.176,1378,100000,100,INSTITUTIONSHOMOPHILY,true,10,10,6,14,6,0.85,0.5,0,0,0.001,0.001,0,44700,44600,175,38,22,0.0,0.0,0.0,0.0,12,44,0.0,0.0,0.0,0.0,2,50,0,600,0,57,0,0,0,0,0,0,0,0,0
33,2016-04-14 17:11:49.176,1381,100000,100,INSTITUTIONSHOMOPHILY,true,10,10,6,14,6,0.85,0.5,0,0,0.001,0.001,0,44800,44700,170,38,15,0.0,0.0,0.0,0.0,12,43,0.0,0.0,0.0,0.0,2,50,0,600,0,54,0,0,0,0,0,0,0,0,0
33,2016-04-14 17:11:49.176,1384,100000,100,INSTITUTIONSHOMOPHILY,true,10,10,6,14,6,0.85,0.5,0,0,0.001,0.001,0,44900,44800,193,36,25,0.0,0.0,0.0,0.0,12,48,0.0,0.0,0.0,0.0,2,50,0,600,0,58,0,0,0,0,0,0,0,0,0
33,2016-04-14 17:11:49.176,1386,100000,100,INSTITUTIONSHOMOPHILY,true,10,10,6,14,6,0.85,0.5,0,0,0.001,0.001,0,45000,44900,175,29,21,0.0,0.0,0.0,0.0,8,47,0.0,0.0,0.0,0.0,2,50,0,600,0,57,0,0,0,0,0,0,0,0,0
33,2016-04-14 17:11:49.176,1389,100000,100,INSTITUTIONSHOMOPHILY,true,10,10,6,14,6,0.85,0.5,0,0,0.001,0.001,0,45100,45000,189,29,30,0.0,0.0,0.0,0.0,8,47,0.0,0.0,0.0,0.0,2,50,0,600,0,58,0,0,0,0,0,0,0,0,0
33,2016-04-14 17:11:49.176,1392,100000,100,INSTITUTIONSHOMOPHILY,true,10,10,6,14,6,0.85,0.5,0,0,0.001,0.001,0,45200,45100,179,26,27,0.0,0.0,0.0,0.0,9,49,0.0,0.0,0.0,0.0,2,50,0,600,0,56,0,0,0,0,0,0,0,0,0
33,2016-04-14 17:11:49.176,1394,100000,100,INSTITUTIONSHOMOPHILY,true,10,10,6,14,6,0.85,0.5,0,0,0.001,0.001,0,45300,45200,179,29,24,0.0,0.0,0.0,0.0,9,46,0.0,0.0,0.0,0.0,2,50,0,600,0,57,0,0,0,0,0,0,0,0,0
33,2016-04-14 17:11:49.176,1398,100000,100,INSTITUTIONSHOMOPHILY,true,10,10,6,14,6,0.85,0.5,0,0,0.001,0.001,0,45400,45300,188,28,18,0.0,0.0,0.0,0.0,9,47,0.0,0.0,0.0,0.0,2,50,0,600,0,56,0,0,0,0,0,0,0,0,0
33,2016-04-14 17:11:49.176,1400,100000,100,INSTITUTIONSHOMOPHILY,true,10,10,6,14,6,0.85,0.5,0,0,0.001,0.001,0,45500,45400,186,32,20,0.0,0.0,0.0,0.0,11,47,0.0,0.0,0.0,0.0,2,50,0,600,0,56,0,0,0,0,0,0,0,0,0
33,2016-04-14 17:11:49.176,1403,100000,100,INSTITUTIONSHOMOPHILY,true,10,10,6,14,6,0.85,0.5,0,0,0.001,0.001,0,45600,45500,187,36,26,0.0,0.0,0.0,0.0,11,44,0.0,0.0,0.0,0.0,2,50,0,600,0,54,0,0,0,0,0,0,0,0,0
33,2016-04-14 17:11:49.176,1407,100000,100,INSTITUTIONSHOMOPHILY,true,10,10,6,14,6,0.85,0.5,0,0,0.001,0.001,0,45700,45600,188,23,26,0.0,0.0,0.0,0.0,6,48,0.0,0.0,0.0,0.0,2,50,0,600,0,57,0,0,0,0,0,0,0,0,0
33,2016-04-14 17:11:49.176,1410,100000,100,INSTITUTIONSHOMOPHILY,true,10,10,6,14,6,0.85,0.5,0,0,0.001,0.001,0,45800,45700,183,26,31,0.0,0.0,0.0,0.0,10,46,0.0,0.0,0.0,0.0,2,50,0,600,0,56,0,0,0,0,0,0,0,0,0
33,2016-04-14 17:11:49.176,1413,100000,100,INSTITUTIONSHOMOPHILY,true,10,10,6,14,6,0.85,0.5,0,0,0.001,0.001,0,45900,45800,180,33,24,0.0,0.0,0.0,0.0,12,46,0.0,0.0,0.0,0.0,2,50,0,600,0,57,0,0,0,0,0,0,0,0,0
33,2016-04-14 17:11:49.176,1415,100000,100,INSTITUTIONSHOMOPHILY,true,10,10,6,14,6,0.85,0.5,0,0,0.001,0.001,0,46000,45900,181,24,27,0.0,0.0,0.0,0.0,6,48,0.0,0.0,0.0,0.0,2,50,0,600,0,58,0,0,0,0,0,0,0,0,0
33,2016-04-14 17:11:49.176,1418,100000,100,INSTITUTIONSHOMOPHILY,true,10,10,6,14,6,0.85,0.5,0,0,0.001,0.001,0,46100,46000,187,27,29,0.0,0.0,0.0,0.0,9,46,0.0,0.0,0.0,0.0,2,50,0,600,0,58,0,0,0,0,0,0,0,0,0
33,2016-04-14 17:11:49.176,1421,100000,100,INSTITUTIONSHOMOPHILY,true,10,10,6,14,6,0.85,0.5,0,0,0.001,0.001,0,46200,46100,187,42,22,0.0,0.0,0.0,0.0,12,40,0.0,0.0,0.0,0.0,2,50,0,600,0,58,0,0,0,0,0,0,0,0,0
33,2016-04-14 17:11:49.176,1423,100000,100,INSTITUTIONSHOMOPHILY,true,10,10,6,14,6,0.85,0.5,0,0,0.001,0.001,0,46300,46200,183,32,19,0.0,0.0,0.0,0.0,10,46,0.0,0.0,0.0,0.0,2,50,0,600,0,57,0,0,0,0,0,0,0,0,0
33,2016-04-14 17:11:49.176,1426,100000,100,INSTITUTIONSHOMOPHILY,true,10,10,6,14,6,0.85,0.5,0,0,0.001,0.001,0,46400,46300,192,35,21,0.0,0.0,0.0,0.0,10,46,0.0,0.0,0.0,0.0,2,50,0,600,0,57,0,0,0,0,0,0,0,0,0
33,2016-04-14 17:11:49.176,1437,100000,100,INSTITUTIONSHOMOPHILY,true,10,10,6,14,6,0.85,0.5,0,0,0.001,0.001,0,46500,46400,186,36,17,0.0,0.0,0.0,0.0,11,46,0.0,0.0,0.0,0.0,2,50,0,600,0,57,0,0,0,0,0,0,0,0,0
33,2016-04-14 17:11:49.176,1439,100000,100,INSTITUTIONSHOMOPHILY,true,10,10,6,14,6,0.85,0.5,0,0,0.001,0.001,0,46600,46500,183,37,17,0.0,0.0,0.0,0.0,13,41,0.0,0.0,0.0,0.0,2,50,0,600,0,59,0,0,0,0,0,0,0,0,0
33,2016-04-14 17:11:49.176,1442,100000,100,INSTITUTIONSHOMOPHILY,true,10,10,6,14,6,0.85,0.5,0,0,0.001,0.001,0,46700,46600,187,34,36,0.0,0.0,0.0,0.0,11,45,0.0,0.0,0.0,0.0,2,50,0,600,0,58,0,0,0,0,0,0,0,0,0
33,2016-04-14 17:11:49.176,1447,100000,100,INSTITUTIONSHOMOPHILY,true,10,10,6,14,6,0.85,0.5,0,0,0.001,0.001,0,46800,46700,186,42,22,0.0,0.0,0.0,0.0,13,45,0.0,0.0,0.0,0.0,2,50,0,600,0,56,0,0,0,0,0,0,0,0,0
33,2016-04-14 17:11:49.176,1450,100000,100,INSTITUTIONSHOMOPHILY,true,10,10,6,14,6,0.85,0.5,0,0,0.001,0.001,0,46900,46800,199,34,21,0.0,0.0,0.0,0.0,7,47,0.0,0.0,0.0,0.0,2,50,0,600,0,56,0,0,0,0,0,0,0,0,0
33,2016-04-14 17:11:49.176,1452,100000,100,INSTITUTIONSHOMOPHILY,true,10,10,6,14,6,0.85,0.5,0,0,0.001,0.001,0,47000,46900,193,28,23,0.0,0.0,0.0,0.0,8,47,0.0,0.0,0.0,0.0,2,50,0,600,0,57,0,0,0,0,0,0,0,0,0
33,2016-04-14 17:11:49.176,1455,100000,100,INSTITUTIONSHOMOPHILY,true,10,10,6,14,6,0.85,0.5,0,0,0.001,0.001,0,47100,47000,197,30,19,0.0,0.0,0.0,0.0,9,48,0.0,0.0,0.0,0.0,2,50,0,600,0,57,0,0,0,0,0,0,0,0,0
33,2016-04-14 17:11:49.176,1458,100000,100,INSTITUTIONSHOMOPHILY,true,10,10,6,14,6,0.85,0.5,0,0,0.001,0.001,0,47200,47100,197,51,12,0.0,0.0,0.0,0.0,14,40,0.0,0.0,0.0,0.0,2,50,0,600,0,59,0,0,0,0,0,0,0,0,0
33,2016-04-14 17:11:49.176,1463,100000,100,INSTITUTIONSHOMOPHILY,true,10,10,6,14,6,0.85,0.5,0,0,0.001,0.001,0,47300,47200,172,33,19,0.0,0.0,0.0,0.0,12,46,0.0,0.0,0.0,0.0,2,50,0,600,0,57,0,0,0,0,0,0,0,0,0
33,2016-04-14 17:11:49.176,1466,100000,100,INSTITUTIONSHOMOPHILY,true,10,10,6,14,6,0.85,0.5,0,0,0.001,0.001,0,47400,47300,179,29,32,0.0,0.0,0.0,0.0,8,46,0.0,0.0,0.0,0.0,2,50,0,600,0,58,0,0,0,0,0,0,0,0,0
33,2016-04-14 17:11:49.176,1469,100000,100,INSTITUTIONSHOMOPHILY,true,10,10,6,14,6,0.85,0.5,0,0,0.001,0.001,0,47500,47400,189,38,16,0.0,0.0,0.0,0.0,10,44,0.0,0.0,0.0,0.0,2,50,0,600,0,56,0,0,0,0,0,0,0,0,0
33,2016-04-14 17:11:49.176,1471,100000,100,INSTITUTIONSHOMOPHILY,true,10,10,6,14,6,0.85,0.5,0,0,0.001,0.001,0,47600,47500,172,39,25,0.0,0.0,0.0,0.0,15,42,0.0,0.0,0.0,0.0,2,50,0,600,0,56,0,0,0,0,0,0,0,0,0
33,2016-04-14 17:11:49.176,1483,100000,100,INSTITUTIONSHOMOPHILY,true,10,10,6,14,6,0.85,0.5,0,0,0.001,0.001,0,47700,47600,178,29,30,0.0,0.0,0.0,0.0,9,47,0.0,0.0,0.0,0.0,2,50,0,600,0,60,0,0,0,0,0,0,0,0,0
33,2016-04-14 17:11:49.176,1485,100000,100,INSTITUTIONSHOMOPHILY,true,10,10,6,14,6,0.85,0.5,0,0,0.001,0.001,0,47800,47700,192,25,27,0.0,0.0,0.0,0.0,7,49,0.0,0.0,0.0,0.0,2,50,0,600,0,58,0,0,0,0,0,0,0,0,0
33,2016-04-14 17:11:49.176,1488,100000,100,INSTITUTIONSHOMOPHILY,true,10,10,6,14,6,0.85,0.5,0,0,0.001,0.001,0,47900,47800,180,24,26,0.0,0.0,0.0,0.0,7,47,0.0,0.0,0.0,0.0,2,50,0,600,0,58,0,0,0,0,0,0,0,0,0
33,2016-04-14 17:11:49.176,1491,100000,100,INSTITUTIONSHOMOPHILY,true,10,10,6,14,6,0.85,0.5,0,0,0.001,0.001,0,48000,47900,189,24,37,0.0,0.0,0.0,0.0,7,47,0.0,0.0,0.0,0.0,2,50,0,600,0,57,0,0,0,0,0,0,0,0,0
33,2016-04-14 17:11:49.176,1494,100000,100,INSTITUTIONSHOMOPHILY,true,10,10,6,14,6,0.85,0.5,0,0,0.001,0.001,0,48100,48000,178,30,30,0.0,0.0,0.0,0.0,11,49,0.0,0.0,0.0,0.0,2,50,0,600,0,59,0,0,0,0,0,0,0,0,0
33,2016-04-14 17:11:49.176,1496,100000,100,INSTITUTIONSHOMOPHILY,true,10,10,6,14,6,0.85,0.5,0,0,0.001,0.001,0,48200,48100,199,39,15,0.0,0.0,0.0,0.0,12,46,0.0,0.0,0.0,0.0,2,50,0,600,0,59,0,0,0,0,0,0,0,0,0
33,2016-04-14 17:11:49.176,1499,100000,100,INSTITUTIONSHOMOPHILY,true,10,10,6,14,6,0.85,0.5,0,0,0.001,0.001,0,48300,48200,183,38,19,0.0,0.0,0.0,0.0,15,43,0.0,0.0,0.0,0.0,2,50,0,600,0,54,0,0,0,0,0,0,0,0,0
33,2016-04-14 17:11:49.176,1503,100000,100,INSTITUTIONSHOMOPHILY,true,10,10,6,14,6,0.85,0.5,0,0,0.001,0.001,0,48400,48300,183,27,34,0.0,0.0,0.0,0.0,9,49,0.0,0.0,0.0,0.0,2,50,0,600,0,58,0,0,0,0,0,0,0,0,0
33,2016-04-14 17:11:49.176,1506,100000,100,INSTITUTIONSHOMOPHILY,true,10,10,6,14,6,0.85,0.5,0,0,0.001,0.001,0,48500,48400,182,30,18,0.0,0.0,0.0,0.0,9,45,0.0,0.0,0.0,0.0,2,50,0,600,0,57,0,0,0,0,0,0,0,0,0
33,2016-04-14 17:11:49.176,1508,100000,100,INSTITUTIONSHOMOPHILY,true,10,10,6,14,6,0.85,0.5,0,0,0.001,0.001,0,48600,48500,188,28,38,0.0,0.0,0.0,0.0,10,48,0.0,0.0,0.0,0.0,2,50,0,600,0,56,0,0,0,0,0,0,0,0,0
33,2016-04-14 17:11:49.176,1511,100000,100,INSTITUTIONSHOMOPHILY,true,10,10,6,14,6,0.85,0.5,0,0,0.001,0.001,0,48700,48600,187,28,29,0.0,0.0,0.0,0.0,7,46,0.0,0.0,0.0,0.0,2,50,0,600,0,56,0,0,0,0,0,0,0,0,0
33,2016-04-14 17:11:49.176,1513,100000,100,INSTITUTIONSHOMOPHILY,true,10,10,6,14,6,0.85,0.5,0,0,0.001,0.001,0,48800,48700,184,28,28,0.0,0.0,0.0,0.0,8,46,0.0,0.0,0.0,0.0,2,50,0,600,0,56,0,0,0,0,0,0,0,0,0
33,2016-04-14 17:11:49.176,1518,100000,100,INSTITUTIONSHOMOPHILY,true,10,10,6,14,6,0.85,0.5,0,0,0.001,0.001,0,48900,48800,184,42,15,0.0,0.0,0.0,0.0,10,43,0.0,0.0,0.0,0.0,2,50,0,600,0,58,0,0,0,0,0,0,0,0,0
33,2016-04-14 17:11:49.176,1520,100000,100,INSTITUTIONSHOMOPHILY,true,10,10,6,14,6,0.85,0.5,0,0,0.001,0.001,0,49000,48900,191,23,29,0.0,0.0,0.0,0.0,6,48,0.0,0.0,0.0,0.0,2,50,0,600,0,57,0,0,0,0,0,0,0,0,0
33,2016-04-14 17:11:49.176,1523,100000,100,INSTITUTIONSHOMOPHILY,true,10,10,6,14,6,0.85,0.5,0,0,0.001,0.001,0,49100,49000,195,32,29,0.0,0.0,0.0,0.0,11,46,0.0,0.0,0.0,0.0,2,50,0,600,0,58,0,0,0,0,0,0,0,0,0
33,2016-04-14 17:11:49.176,1526,100000,100,INSTITUTIONSHOMOPHILY,true,10,10,6,14,6,0.85,0.5,0,0,0.001,0.001,0,49200,49100,184,30,34,0.0,0.0,0.0,0.0,9,45,0.0,0.0,0.0,0.0,2,50,0,600,0,56,0,0,0,0,0,0,0,0,0
33,2016-04-14 17:11:49.176,1531,100000,100,INSTITUTIONSHOMOPHILY,true,10,10,6,14,6,0.85,0.5,0,0,0.001,0.001,0,49300,49200,176,37,20,0.0,0.0,0.0,0.0,14,43,0.0,0.0,0.0,0.0,2,50,0,600,0,60,0,0,0,0,0,0,0,0,0
33,2016-04-14 17:11:49.176,1533,100000,100,INSTITUTIONSHOMOPHILY,true,10,10,6,14,6,0.85,0.5,0,0,0.001,0.001,0,49400,49300,194,32,36,0.0,0.0,0.0,0.0,9,47,0.0,0.0,0.0,0.0,2,50,0,600,0,56,0,0,0,0,0,0,0,0,0
33,2016-04-14 17:11:49.176,1536,100000,100,INSTITUTIONSHOMOPHILY,true,10,10,6,14,6,0.85,0.5,0,0,0.001,0.001,0,49500,49400,185,24,39,0.0,0.0,0.0,0.0,7,51,0.0,0.0,0.0,0.0,2,50,0,600,0,59,0,0,0,0,0,0,0,0,0
33,2016-04-14 17:11:49.176,1538,100000,100,INSTITUTIONSHOMOPHILY,true,10,10,6,14,6,0.85,0.5,0,0,0.001,0.001,0,49600,49500,184,38,17,0.0,0.0,0.0,0.0,12,45,0.0,0.0,0.0,0.0,2,50,0,600,0,58,0,0,0,0,0,0,0,0,0
33,2016-04-14 17:11:49.176,1541,100000,100,INSTITUTIONSHOMOPHILY,true,10,10,6,14,6,0.85,0.5,0,0,0.001,0.001,0,49700,49600,181,27,29,0.0,0.0,0.0,0.0,9,47,0.0,0.0,0.0,0.0,2,50,0,600,0,56,0,0,0,0,0,0,0,0,0
33,2016-04-14 17:11:49.176,1544,100000,100,INSTITUTIONSHOMOPHILY,true,10,10,6,14,6,0.85,0.5,0,0,0.001,0.001,0,49800,49700,188,38,15,0.0,0.0,0.0,0.0,14,43,0.0,0.0,0.0,0.0,2,50,0,600,0,57,0,0,0,0,0,0,0,0,0
33,2016-04-14 17:11:49.176,1546,100000,100,INSTITUTIONSHOMOPHILY,true,10,10,6,14,6,0.85,0.5,0,0,0.001,0.001,0,49900,49800,187,48,14,0.0,0.0,0.0,0.0,15,40,0.0,0.0,0.0,0.0,2,50,0,600,0,58,0,0,0,0,0,0,0,0,0
33,2016-04-14 17:11:49.176,1549,100000,100,INSTITUTIONSHOMOPHILY,true,10,10,6,14,6,0.85,0.5,0,0,0.001,0.001,0,50000,49900,193,28,27,0.0,0.0,0.0,0.0,7,49,0.0,0.0,0.0,0.0,2,50,0,600,0,58,0,0,0,0,0,0,0,0,0
33,2016-04-14 17:11:49.176,1555,100000,100,INSTITUTIONSHOMOPHILY,true,10,10,6,14,6,0.85,0.5,0,0,0.001,0.001,0,50100,50000,194,37,13,0.0,0.0,0.0,0.0,8,43,0.0,0.0,0.0,0.0,2,50,0,600,0,60,0,0,0,0,0,0,0,0,0
33,2016-04-14 17:11:49.176,1558,100000,100,INSTITUTIONSHOMOPHILY,true,10,10,6,14,6,0.85,0.5,0,0,0.001,0.001,0,50200,50100,188,24,33,0.0,0.0,0.0,0.0,7,48,0.0,0.0,0.0,0.0,2,50,0,600,0,59,0,0,0,0,0,0,0,0,0
33,2016-04-14 17:11:49.176,1572,100000,100,INSTITUTIONSHOMOPHILY,true,10,10,6,14,6,0.85,0.5,0,0,0.001,0.001,0,50300,50200,181,43,26,0.0,0.0,0.0,0.0,14,44,0.0,0.0,0.0,0.0,2,50,0,600,0,56,0,0,0,0,0,0,0,0,0
33,2016-04-14 17:11:49.176,1575,100000,100,INSTITUTIONSHOMOPHILY,true,10,10,6,14,6,0.85,0.5,0,0,0.001,0.001,0,50400,50300,191,41,13,0.0,0.0,0.0,0.0,11,43,0.0,0.0,0.0,0.0,2,50,0,600,0,60,0,0,0,0,0,0,0,0,0
33,2016-04-14 17:11:49.176,1577,100000,100,INSTITUTIONSHOMOPHILY,true,10,10,6,14,6,0.85,0.5,0,0,0.001,0.001,0,50500,50400,178,29,31,0.0,0.0,0.0,0.0,8,48,0.0,0.0,0.0,0.0,2,50,0,600,0,56,0,0,0,0,0,0,0,0,0
33,2016-04-14 17:11:49.176,1580,100000,100,INSTITUTIONSHOMOPHILY,true,10,10,6,14,6,0.85,0.5,0,0,0.001,0.001,0,50600,50500,181,30,27,0.0,0.0,0.0,0.0,10,46,0.0,0.0,0.0,0.0,2,50,0,600,0,55,0,0,0,0,0,0,0,0,0
33,2016-04-14 17:11:49.176,1583,100000,100,INSTITUTIONSHOMOPHILY,true,10,10,6,14,6,0.85,0.5,0,0,0.001,0.001,0,50700,50600,192,34,25,0.0,0.0,0.0,0.0,9,46,0.0,0.0,0.0,0.0,2,50,0,600,0,59,0,0,0,0,0,0,0,0,0
33,2016-04-14 17:11:49.176,1585,100000,100,INSTITUTIONSHOMOPHILY,true,10,10,6,14,6,0.85,0.5,0,0,0.001,0.001,0,50800,50700,189,40,13,0.0,0.0,0.0,0.0,10,44,0.0,0.0,0.0,0.0,2,50,0,600,0,53,0,0,0,0,0,0,0,0,0
33,2016-04-14 17:11:49.176,1588,100000,100,INSTITUTIONSHOMOPHILY,true,10,10,6,14,6,0.85,0.5,0,0,0.001,0.001,0,50900,50800,192,36,14,0.0,0.0,0.0,0.0,12,45,0.0,0.0,0.0,0.0,2,50,0,600,0,58,0,0,0,0,0,0,0,0,0
33,2016-04-14 17:11:49.176,1591,100000,100,INSTITUTIONSHOMOPHILY,true,10,10,6,14,6,0.85,0.5,0,0,0.001,0.001,0,51000,50900,187,29,19,0.0,0.0,0.0,0.0,8,48,0.0,0.0,0.0,0.0,2,50,0,600,0,55,0,0,0,0,0,0,0,0,0
33,2016-04-14 17:11:49.176,1594,100000,100,INSTITUTIONSHOMOPHILY,true,10,10,6,14,6,0.85,0.5,0,0,0.001,0.001,0,51100,51000,193,33,25,0.0,0.0,0.0,0.0,12,46,0.0,0.0,0.0,0.0,2,50,0,600,0,57,0,0,0,0,0,0,0,0,0
33,2016-04-14 17:11:49.176,1596,100000,100,INSTITUTIONSHOMOPHILY,true,10,10,6,14,6,0.85,0.5,0,0,0.001,0.001,0,51200,51100,175,30,27,0.0,0.0,0.0,0.0,12,47,0.0,0.0,0.0,0.0,2,50,0,600,0,57,0,0,0,0,0,0,0,0,0
33,2016-04-14 17:11:49.176,1599,100000,100,INSTITUTIONSHOMOPHILY,true,10,10,6,14,6,0.85,0.5,0,0,0.001,0.001,0,51300,51200,186,31,22,0.0,0.0,0.0,0.0,9,46,0.0,0.0,0.0,0.0,2,50,0,600,0,59,0,0,0,0,0,0,0,0,0
33,2016-04-14 17:11:49.176,1602,100000,100,INSTITUTIONSHOMOPHILY,true,10,10,6,14,6,0.85,0.5,0,0,0.001,0.001,0,51400,51300,186,34,17,0.0,0.0,0.0,0.0,10,46,0.0,0.0,0.0,0.0,2,50,0,600,0,53,0,0,0,0,0,0,0,0,0
33,2016-04-14 17:11:49.176,1605,100000,100,INSTITUTIONSHOMOPHILY,true,10,10,6,14,6,0.85,0.5,0,0,0.001,0.001,0,51500,51400,184,37,25,0.0,0.0,0.0,0.0,9,48,0.0,0.0,0.0,0.0,2,50,0,600,0,54,0,0,0,0,0,0,0,0,0
33,2016-04-14 17:11:49.176,1608,100000,100,INSTITUTIONSHOMOPHILY,true,10,10,6,14,6,0.85,0.5,0,0,0.001,0.001,0,51600,51500,177,39,20,0.0,0.0,0.0,0.0,13,44,0.0,0.0,0.0,0.0,2,50,0,600,0,54,0,0,0,0,0,0,0,0,0
33,2016-04-14 17:11:49.176,1611,100000,100,INSTITUTIONSHOMOPHILY,true,10,10,6,14,6,0.85,0.5,0,0,0.001,0.001,0,51700,51600,191,39,24,0.0,0.0,0.0,0.0,12,46,0.0,0.0,0.0,0.0,2,50,0,600,0,55,0,0,0,0,0,0,0,0,0
33,2016-04-14 17:11:49.176,1614,100000,100,INSTITUTIONSHOMOPHILY,true,10,10,6,14,6,0.85,0.5,0,0,0.001,0.001,0,51800,51700,176,29,26,0.0,0.0,0.0,0.0,9,49,0.0,0.0,0.0,0.0,2,50,0,600,0,54,0,0,0,0,0,0,0,0,0
33,2016-04-14 17:11:49.176,1616,100000,100,INSTITUTIONSHOMOPHILY,true,10,10,6,14,6,0.85,0.5,0,0,0.001,0.001,0,51900,51800,192,29,30,0.0,0.0,0.0,0.0,7,47,0.0,0.0,0.0,0.0,2,50,0,600,0,55,0,0,0,0,0,0,0,0,0
33,2016-04-14 17:11:49.176,1619,100000,100,INSTITUTIONSHOMOPHILY,true,10,10,6,14,6,0.85,0.5,0,0,0.001,0.001,0,52000,51900,190,28,37,0.0,0.0,0.0,0.0,8,49,0.0,0.0,0.0,0.0,2,50,0,600,0,56,0,0,0,0,0,0,0,0,0
33,2016-04-14 17:11:49.176,1621,100000,100,INSTITUTIONSHOMOPHILY,true,10,10,6,14,6,0.85,0.5,0,0,0.001,0.001,0,52100,52000,183,27,35,0.0,0.0,0.0,0.0,9,48,0.0,0.0,0.0,0.0,2,50,0,600,0,57,0,0,0,0,0,0,0,0,0
33,2016-04-14 17:11:49.176,1624,100000,100,INSTITUTIONSHOMOPHILY,true,10,10,6,14,6,0.85,0.5,0,0,0.001,0.001,0,52200,52100,185,30,25,0.0,0.0,0.0,0.0,10,46,0.0,0.0,0.0,0.0,2,50,0,600,0,57,0,0,0,0,0,0,0,0,0
33,2016-04-14 17:11:49.176,1627,100000,100,INSTITUTIONSHOMOPHILY,true,10,10,6,14,6,0.85,0.5,0,0,0.001,0.001,0,52300,52200,187,32,24,0.0,0.0,0.0,0.0,10,45,0.0,0.0,0.0,0.0,2,50,0,600,0,56,0,0,0,0,0,0,0,0,0
33,2016-04-14 17:11:49.176,1629,100000,100,INSTITUTIONSHOMOPHILY,true,10,10,6,14,6,0.85,0.5,0,0,0.001,0.001,0,52400,52300,185,32,19,0.0,0.0,0.0,0.0,9,47,0.0,0.0,0.0,0.0,2,50,0,600,0,58,0,0,0,0,0,0,0,0,0
33,2016-04-14 17:11:49.176,1632,100000,100,INSTITUTIONSHOMOPHILY,true,10,10,6,14,6,0.85,0.5,0,0,0.001,0.001,0,52500,52400,189,37,18,0.0,0.0,0.0,0.0,10,45,0.0,0.0,0.0,0.0,2,50,0,600,0,58,0,0,0,0,0,0,0,0,0
33,2016-04-14 17:11:49.176,1640,100000,100,INSTITUTIONSHOMOPHILY,true,10,10,6,14,6,0.85,0.5,0,0,0.001,0.001,0,52600,52500,180,31,22,0.0,0.0,0.0,0.0,10,48,0.0,0.0,0.0,0.0,2,50,0,600,0,55,0,0,0,0,0,0,0,0,0
33,2016-04-14 17:11:49.176,1643,100000,100,INSTITUTIONSHOMOPHILY,true,10,10,6,14,6,0.85,0.5,0,0,0.001,0.001,0,52700,52600,181,25,24,0.0,0.0,0.0,0.0,7,48,0.0,0.0,0.0,0.0,2,50,0,600,0,56,0,0,0,0,0,0,0,0,0
33,2016-04-14 17:11:49.176,1646,100000,100,INSTITUTIONSHOMOPHILY,true,10,10,6,14,6,0.85,0.5,0,0,0.001,0.001,0,52800,52700,183,31,30,0.0,0.0,0.0,0.0,11,47,0.0,0.0,0.0,0.0,2,50,0,600,0,61,0,0,0,0,0,0,0,0,0
33,2016-04-14 17:11:49.176,1648,100000,100,INSTITUTIONSHOMOPHILY,true,10,10,6,14,6,0.85,0.5,0,0,0.001,0.001,0,52900,52800,193,28,27,0.0,0.0,0.0,0.0,6,49,0.0,0.0,0.0,0.0,2,50,0,600,0,56,0,0,0,0,0,0,0,0,0
33,2016-04-14 17:11:49.176,1651,100000,100,INSTITUTIONSHOMOPHILY,true,10,10,6,14,6,0.85,0.5,0,0,0.001,0.001,0,53000,52900,183,38,30,0.0,0.0,0.0,0.0,13,43,0.0,0.0,0.0,0.0,2,50,0,600,0,58,0,0,0,0,0,0,0,0,0
33,2016-04-14 17:11:49.176,1653,100000,100,INSTITUTIONSHOMOPHILY,true,10,10,6,14,6,0.85,0.5,0,0,0.001,0.001,0,53100,53000,182,22,31,0.0,0.0,0.0,0.0,6,49,0.0,0.0,0.0,0.0,2,50,0,600,0,52,0,0,0,0,0,0,0,0,0
33,2016-04-14 17:11:49.176,1655,100000,100,INSTITUTIONSHOMOPHILY,true,10,10,6,14,6,0.85,0.5,0,0,0.001,0.001,0,53200,53100,179,24,40,0.0,0.0,0.0,0.0,6,51,0.0,0.0,0.0,0.0,2,50,0,600,0,56,0,0,0,0,0,0,0,0,0
33,2016-04-14 17:11:49.176,1658,100000,100,INSTITUTIONSHOMOPHILY,true,10,10,6,14,6,0.85,0.5,0,0,0.001,0.001,0,53300,53200,184,34,19,0.0,0.0,0.0,0.0,12,45,0.0,0.0,0.0,0.0,2,50,0,600,0,58,0,0,0,0,0,0,0,0,0
33,2016-04-14 17:11:49.176,1662,100000,100,INSTITUTIONSHOMOPHILY,true,10,10,6,14,6,0.85,0.5,0,0,0.001,0.001,0,53400,53300,191,37,24,0.0,0.0,0.0,0.0,10,44,0.0,0.0,0.0,0.0,2,50,0,600,0,56,0,0,0,0,0,0,0,0,0
33,2016-04-14 17:11:49.176,1664,100000,100,INSTITUTIONSHOMOPHILY,true,10,10,6,14,6,0.85,0.5,0,0,0.001,0.001,0,53500,53400,179,48,16,0.0,0.0,0.0,0.0,18,40,0.0,0.0,0.0,0.0,2,50,0,600,0,58,0,0,0,0,0,0,0,0,0
33,2016-04-14 17:11:49.176,1667,100000,100,INSTITUTIONSHOMOPHILY,true,10,10,6,14,6,0.85,0.5,0,0,0.001,0.001,0,53600,53500,193,29,31,0.0,0.0,0.0,0.0,9,49,0.0,0.0,0.0,0.0,2,50,0,600,0,58,0,0,0,0,0,0,0,0,0
33,2016-04-14 17:11:49.176,1670,100000,100,INSTITUTIONSHOMOPHILY,true,10,10,6,14,6,0.85,0.5,0,0,0.001,0.001,0,53700,53600,194,33,19,0.0,0.0,0.0,0.0,7,46,0.0,0.0,0.0,0.0,2,50,0,600,0,58,0,0,0,0,0,0,0,0,0
33,2016-04-14 17:11:49.176,1673,100000,100,INSTITUTIONSHOMOPHILY,true,10,10,6,14,6,0.85,0.5,0,0,0.001,0.001,0,53800,53700,170,26,24,0.0,0.0,0.0,0.0,12,46,0.0,0.0,0.0,0.0,2,50,0,600,0,56,0,0,0,0,0,0,0,0,0
33,2016-04-14 17:11:49.176,1675,100000,100,INSTITUTIONSHOMOPHILY,true,10,10,6,14,6,0.85,0.5,0,0,0.001,0.001,0,53900,53800,188,32,27,0.0,0.0,0.0,0.0,7,46,0.0,0.0,0.0,0.0,2,50,0,600,0,57,0,0,0,0,0,0,0,0,0
33,2016-04-14 17:11:49.176,1678,100000,100,INSTITUTIONSHOMOPHILY,true,10,10,6,14,6,0.85,0.5,0,0,0.001,0.001,0,54000,53900,188,29,29,0.0,0.0,0.0,0.0,10,47,0.0,0.0,0.0,0.0,2,50,0,600,0,60,0,0,0,0,0,0,0,0,0
33,2016-04-14 17:11:49.176,1682,100000,100,INSTITUTIONSHOMOPHILY,true,10,10,6,14,6,0.85,0.5,0,0,0.001,0.001,0,54100,54000,187,31,22,0.0,0.0,0.0,0.0,11,47,0.0,0.0,0.0,0.0,2,50,0,600,0,56,0,0,0,0,0,0,0,0,0
33,2016-04-14 17:11:49.176,1685,100000,100,INSTITUTIONSHOMOPHILY,true,10,10,6,14,6,0.85,0.5,0,0,0.001,0.001,0,54200,54100,188,32,20,0.0,0.0,0.0,0.0,7,48,0.0,0.0,0.0,0.0,2,50,0,600,0,55,0,0,0,0,0,0,0,0,0
33,2016-04-14 17:11:49.176,1688,100000,100,INSTITUTIONSHOMOPHILY,true,10,10,6,14,6,0.85,0.5,0,0,0.001,0.001,0,54300,54200,186,31,27,0.0,0.0,0.0,0.0,7,48,0.0,0.0,0.0,0.0,2,50,0,600,0,57,0,0,0,0,0,0,0,0,0
33,2016-04-14 17:11:49.176,1690,100000,100,INSTITUTIONSHOMOPHILY,true,10,10,6,14,6,0.85,0.5,0,0,0.001,0.001,0,54400,54300,190,30,29,0.0,0.0,0.0,0.0,7,46,0.0,0.0,0.0,0.0,2,50,0,600,0,57,0,0,0,0,0,0,0,0,0
33,2016-04-14 17:11:49.176,1693,100000,100,INSTITUTIONSHOMOPHILY,true,10,10,6,14,6,0.85,0.5,0,0,0.001,0.001,0,54500,54400,195,38,22,0.0,0.0,0.0,0.0,9,48,0.0,0.0,0.0,0.0,2,50,0,600,0,59,0,0,0,0,0,0,0,0,0
33,2016-04-14 17:11:49.176,1695,100000,100,INSTITUTIONSHOMOPHILY,true,10,10,6,14,6,0.85,0.5,0,0,0.001,0.001,0,54600,54500,189,25,30,0.0,0.0,0.0,0.0,6,49,0.0,0.0,0.0,0.0,2,50,0,600,0,58,0,0,0,0,0,0,0,0,0
33,2016-04-14 17:11:49.176,1698,100000,100,INSTITUTIONSHOMOPHILY,true,10,10,6,14,6,0.85,0.5,0,0,0.001,0.001,0,54700,54600,190,33,22,0.0,0.0,0.0,0.0,11,45,0.0,0.0,0.0,0.0,2,50,0,600,0,58,0,0,0,0,0,0,0,0,0
33,2016-04-14 17:11:49.176,1700,100000,100,INSTITUTIONSHOMOPHILY,true,10,10,6,14,6,0.85,0.5,0,0,0.001,0.001,0,54800,54700,184,34,19,0.0,0.0,0.0,0.0,10,46,0.0,0.0,0.0,0.0,2,50,0,600,0,58,0,0,0,0,0,0,0,0,0
33,2016-04-14 17:11:49.176,1703,100000,100,INSTITUTIONSHOMOPHILY,true,10,10,6,14,6,0.85,0.5,0,0,0.001,0.001,0,54900,54800,182,25,35,0.0,0.0,0.0,0.0,9,47,0.0,0.0,0.0,0.0,2,50,0,600,0,55,0,0,0,0,0,0,0,0,0
33,2016-04-14 17:11:49.176,1706,100000,100,INSTITUTIONSHOMOPHILY,true,10,10,6,14,6,0.85,0.5,0,0,0.001,0.001,0,55000,54900,186,29,22,0.0,0.0,0.0,0.0,9,46,0.0,0.0,0.0,0.0,2,50,0,600,0,56,0,0,0,0,0,0,0,0,0
33,2016-04-14 17:11:49.176,1708,100000,100,INSTITUTIONSHOMOPHILY,true,10,10,6,14,6,0.85,0.5,0,0,0.001,0.001,0,55100,55000,185,26,36,0.0,0.0,0.0,0.0,6,49,0.0,0.0,0.0,0.0,2,50,0,600,0,56,0,0,0,0,0,0,0,0,0
33,2016-04-14 17:11:49.176,1712,100000,100,INSTITUTIONSHOMOPHILY,true,10,10,6,14,6,0.85,0.5,0,0,0.001,0.001,0,55200,55100,191,30,15,0.0,0.0,0.0,0.0,8,48,0.0,0.0,0.0,0.0,2,50,0,600,0,57,0,0,0,0,0,0,0,0,0
33,2016-04-14 17:11:49.176,1715,100000,100,INSTITUTIONSHOMOPHILY,true,10,10,6,14,6,0.85,0.5,0,0,0.001,0.001,0,55300,55200,184,35,27,0.0,0.0,0.0,0.0,10,47,0.0,0.0,0.0,0.0,2,50,0,600,0,56,0,0,0,0,0,0,0,0,0
33,2016-04-14 17:11:49.176,1717,100000,100,INSTITUTIONSHOMOPHILY,true,10,10,6,14,6,0.85,0.5,0,0,0.001,0.001,0,55400,55300,188,37,29,0.0,0.0,0.0,0.0,13,43,0.0,0.0,0.0,0.0,2,50,0,600,0,58,0,0,0,0,0,0,0,0,0
33,2016-04-14 17:11:49.176,1721,100000,100,INSTITUTIONSHOMOPHILY,true,10,10,6,14,6,0.85,0.5,0,0,0.001,0.001,0,55500,55400,176,33,16,0.0,0.0,0.0,0.0,14,45,0.0,0.0,0.0,0.0,2,50,0,600,0,54,0,0,0,0,0,0,0,0,0
33,2016-04-14 17:11:49.176,1724,100000,100,INSTITUTIONSHOMOPHILY,true,10,10,6,14,6,0.85,0.5,0,0,0.001,0.001,0,55600,55500,182,28,36,0.0,0.0,0.0,0.0,11,48,0.0,0.0,0.0,0.0,2,50,0,600,0,56,0,0,0,0,0,0,0,0,0
33,2016-04-14 17:11:49.176,1726,100000,100,INSTITUTIONSHOMOPHILY,true,10,10,6,14,6,0.85,0.5,0,0,0.001,0.001,0,55700,55600,179,34,36,0.0,0.0,0.0,0.0,13,47,0.0,0.0,0.0,0.0,2,50,0,600,0,56,0,0,0,0,0,0,0,0,0
33,2016-04-14 17:11:49.176,1730,100000,100,INSTITUTIONSHOMOPHILY,true,10,10,6,14,6,0.85,0.5,0,0,0.001,0.001,0,55800,55700,184,39,23,0.0,0.0,0.0,0.0,12,45,0.0,0.0,0.0,0.0,2,50,0,600,0,57,0,0,0,0,0,0,0,0,0
33,2016-04-14 17:11:49.176,1732,100000,100,INSTITUTIONSHOMOPHILY,true,10,10,6,14,6,0.85,0.5,0,0,0.001,0.001,0,55900,55800,181,37,26,0.0,0.0,0.0,0.0,11,48,0.0,0.0,0.0,0.0,2,50,0,600,0,55,0,0,0,0,0,0,0,0,0
33,2016-04-14 17:11:49.176,1735,100000,100,INSTITUTIONSHOMOPHILY,true,10,10,6,14,6,0.85,0.5,0,0,0.001,0.001,0,56000,55900,183,30,20,0.0,0.0,0.0,0.0,8,47,0.0,0.0,0.0,0.0,2,50,0,600,0,58,0,0,0,0,0,0,0,0,0
33,2016-04-14 17:11:49.176,1738,100000,100,INSTITUTIONSHOMOPHILY,true,10,10,6,14,6,0.85,0.5,0,0,0.001,0.001,0,56100,56000,181,34,24,0.0,0.0,0.0,0.0,12,45,0.0,0.0,0.0,0.0,2,50,0,600,0,57,0,0,0,0,0,0,0,0,0
33,2016-04-14 17:11:49.176,1774,100000,100,INSTITUTIONSHOMOPHILY,true,10,10,6,14,6,0.85,0.5,0,0,0.001,0.001,0,56200,56100,184,36,19,0.0,0.0,0.0,0.0,12,44,0.0,0.0,0.0,0.0,2,50,0,600,0,54,0,0,0,0,0,0,0,0,0
33,2016-04-14 17:11:49.176,1777,100000,100,INSTITUTIONSHOMOPHILY,true,10,10,6,14,6,0.85,0.5,0,0,0.001,0.001,0,56300,56200,188,34,20,0.0,0.0,0.0,0.0,11,48,0.0,0.0,0.0,0.0,2,50,0,600,0,56,0,0,0,0,0,0,0,0,0
33,2016-04-14 17:11:49.176,1779,100000,100,INSTITUTIONSHOMOPHILY,true,10,10,6,14,6,0.85,0.5,0,0,0.001,0.001,0,56400,56300,179,23,29,0.0,0.0,0.0,0.0,6,48,0.0,0.0,0.0,0.0,2,50,0,600,0,56,0,0,0,0,0,0,0,0,0
33,2016-04-14 17:11:49.176,1782,100000,100,INSTITUTIONSHOMOPHILY,true,10,10,6,14,6,0.85,0.5,0,0,0.001,0.001,0,56500,56400,186,26,25,0.0,0.0,0.0,0.0,6,48,0.0,0.0,0.0,0.0,2,50,0,600,0,56,0,0,0,0,0,0,0,0,0
33,2016-04-14 17:11:49.176,1785,100000,100,INSTITUTIONSHOMOPHILY,true,10,10,6,14,6,0.85,0.5,0,0,0.001,0.001,0,56600,56500,192,29,26,0.0,0.0,0.0,0.0,7,47,0.0,0.0,0.0,0.0,2,50,0,600,0,57,0,0,0,0,0,0,0,0,0
33,2016-04-14 17:11:49.176,1787,100000,100,INSTITUTIONSHOMOPHILY,true,10,10,6,14,6,0.85,0.5,0,0,0.001,0.001,0,56700,56600,183,34,19,0.0,0.0,0.0,0.0,10,46,0.0,0.0,0.0,0.0,2,50,0,600,0,58,0,0,0,0,0,0,0,0,0
33,2016-04-14 17:11:49.176,1790,100000,100,INSTITUTIONSHOMOPHILY,true,10,10,6,14,6,0.85,0.5,0,0,0.001,0.001,0,56800,56700,185,27,34,0.0,0.0,0.0,0.0,9,47,0.0,0.0,0.0,0.0,2,50,0,600,0,58,0,0,0,0,0,0,0,0,0
33,2016-04-14 17:11:49.176,1792,100000,100,INSTITUTIONSHOMOPHILY,true,10,10,6,14,6,0.85,0.5,0,0,0.001,0.001,0,56900,56800,189,32,20,0.0,0.0,0.0,0.0,10,46,0.0,0.0,0.0,0.0,2,50,0,600,0,59,0,0,0,0,0,0,0,0,0
33,2016-04-14 17:11:49.176,1795,100000,100,INSTITUTIONSHOMOPHILY,true,10,10,6,14,6,0.85,0.5,0,0,0.001,0.001,0,57000,56900,182,32,21,0.0,0.0,0.0,0.0,8,45,0.0,0.0,0.0,0.0,2,50,0,600,0,58,0,0,0,0,0,0,0,0,0
33,2016-04-14 17:11:49.176,1798,100000,100,INSTITUTIONSHOMOPHILY,true,10,10,6,14,6,0.85,0.5,0,0,0.001,0.001,0,57100,57000,183,30,25,0.0,0.0,0.0,0.0,11,46,0.0,0.0,0.0,0.0,2,50,0,600,0,59,0,0,0,0,0,0,0,0,0
33,2016-04-14 17:11:49.176,1801,100000,100,INSTITUTIONSHOMOPHILY,true,10,10,6,14,6,0.85,0.5,0,0,0.001,0.001,0,57200,57100,187,24,36,0.0,0.0,0.0,0.0,7,48,0.0,0.0,0.0,0.0,2,50,0,600,0,57,0,0,0,0,0,0,0,0,0
33,2016-04-14 17:11:49.176,1803,100000,100,INSTITUTIONSHOMOPHILY,true,10,10,6,14,6,0.85,0.5,0,0,0.001,0.001,0,57300,57200,188,36,20,0.0,0.0,0.0,0.0,11,44,0.0,0.0,0.0,0.0,2,50,0,600,0,56,0,0,0,0,0,0,0,0,0
33,2016-04-14 17:11:49.176,1806,100000,100,INSTITUTIONSHOMOPHILY,true,10,10,6,14,6,0.85,0.5,0,0,0.001,0.001,0,57400,57300,179,29,36,0.0,0.0,0.0,0.0,10,46,0.0,0.0,0.0,0.0,2,50,0,600,0,56,0,0,0,0,0,0,0,0,0
33,2016-04-14 17:11:49.176,1812,100000,100,INSTITUTIONSHOMOPHILY,true,10,10,6,14,6,0.85,0.5,0,0,0.001,0.001,0,57500,57400,186,26,27,0.0,0.0,0.0,0.0,6,49,0.0,0.0,0.0,0.0,2,50,0,600,0,57,0,0,0,0,0,0,0,0,0
33,2016-04-14 17:11:49.176,1815,100000,100,INSTITUTIONSHOMOPHILY,true,10,10,6,14,6,0.85,0.5,0,0,0.001,0.001,0,57600,57500,187,32,33,0.0,0.0,0.0,0.0,9,48,0.0,0.0,0.0,0.0,2,50,0,600,0,56,0,0,0,0,0,0,0,0,0
33,2016-04-14 17:11:49.176,1817,100000,100,INSTITUTIONSHOMOPHILY,true,10,10,6,14,6,0.85,0.5,0,0,0.001,0.001,0,57700,57600,188,21,38,0.0,0.0,0.0,0.0,5,49,0.0,0.0,0.0,0.0,2,50,0,600,0,57,0,0,0,0,0,0,0,0,0
33,2016-04-14 17:11:49.176,1820,100000,100,INSTITUTIONSHOMOPHILY,true,10,10,6,14,6,0.85,0.5,0,0,0.001,0.001,0,57800,57700,181,29,26,0.0,0.0,0.0,0.0,9,46,0.0,0.0,0.0,0.0,2,50,0,600,0,57,0,0,0,0,0,0,0,0,0
33,2016-04-14 17:11:49.176,1826,100000,100,INSTITUTIONSHOMOPHILY,true,10,10,6,14,6,0.85,0.5,0,0,0.001,0.001,0,57900,57800,187,30,26,0.0,0.0,0.0,0.0,9,48,0.0,0.0,0.0,0.0,2,50,0,600,0,58,0,0,0,0,0,0,0,0,0
33,2016-04-14 17:11:49.176,1829,100000,100,INSTITUTIONSHOMOPHILY,true,10,10,6,14,6,0.85,0.5,0,0,0.001,0.001,0,58000,57900,181,21,38,0.0,0.0,0.0,0.0,7,48,0.0,0.0,0.0,0.0,2,50,0,600,0,57,0,0,0,0,0,0,0,0,0
33,2016-04-14 17:11:49.176,1831,100000,100,INSTITUTIONSHOMOPHILY,true,10,10,6,14,6,0.85,0.5,0,0,0.001,0.001,0,58100,58000,192,35,19,0.0,0.0,0.0,0.0,12,44,0.0,0.0,0.0,0.0,2,50,0,600,0,61,0,0,0,0,0,0,0,0,0
33,2016-04-14 17:11:49.176,1834,100000,100,INSTITUTIONSHOMOPHILY,true,10,10,6,14,6,0.85,0.5,0,0,0.001,0.001,0,58200,58100,173,36,21,0.0,0.0,0.0,0.0,14,42,0.0,0.0,0.0,0.0,2,50,0,600,0,56,0,0,0,0,0,0,0,0,0
33,2016-04-14 17:11:49.176,1837,100000,100,INSTITUTIONSHOMOPHILY,true,10,10,6,14,6,0.85,0.5,0,0,0.001,0.001,0,58300,58200,194,28,26,0.0,0.0,0.0,0.0,9,47,0.0,0.0,0.0,0.0,2,50,0,600,0,58,0,0,0,0,0,0,0,0,0
33,2016-04-14 17:11:49.176,1840,100000,100,INSTITUTIONSHOMOPHILY,true,10,10,6,14,6,0.85,0.5,0,0,0.001,0.001,0,58400,58300,181,28,30,0.0,0.0,0.0,0.0,9,48,0.0,0.0,0.0,0.0,2,50,0,600,0,58,0,0,0,0,0,0,0,0,0
33,2016-04-14 17:11:49.176,1850,100000,100,INSTITUTIONSHOMOPHILY,true,10,10,6,14,6,0.85,0.5,0,0,0.001,0.001,0,58500,58400,178,26,38,0.0,0.0,0.0,0.0,11,49,0.0,0.0,0.0,0.0,2,50,0,600,0,56,0,0,0,0,0,0,0,0,0
33,2016-04-14 17:11:49.176,1853,100000,100,INSTITUTIONSHOMOPHILY,true,10,10,6,14,6,0.85,0.5,0,0,0.001,0.001,0,58600,58500,184,29,26,0.0,0.0,0.0,0.0,10,47,0.0,0.0,0.0,0.0,2,50,0,600,0,59,0,0,0,0,0,0,0,0,0
33,2016-04-14 17:11:49.176,1855,100000,100,INSTITUTIONSHOMOPHILY,true,10,10,6,14,6,0.85,0.5,0,0,0.001,0.001,0,58700,58600,186,21,38,0.0,0.0,0.0,0.0,6,49,0.0,0.0,0.0,0.0,2,50,0,600,0,58,0,0,0,0,0,0,0,0,0
33,2016-04-14 17:11:49.176,1858,100000,100,INSTITUTIONSHOMOPHILY,true,10,10,6,14,6,0.85,0.5,0,0,0.001,0.001,0,58800,58700,184,40,13,0.0,0.0,0.0,0.0,11,43,0.0,0.0,0.0,0.0,2,50,0,600,0,59,0,0,0,0,0,0,0,0,0
33,2016-04-14 17:11:49.176,1861,100000,100,INSTITUTIONSHOMOPHILY,true,10,10,6,14,6,0.85,0.5,0,0,0.001,0.001,0,58900,58800,184,28,27,0.0,0.0,0.0,0.0,7,50,0.0,0.0,0.0,0.0,2,50,0,600,0,55,0,0,0,0,0,0,0,0,0
33,2016-04-14 17:11:49.176,1863,100000,100,INSTITUTIONSHOMOPHILY,true,10,10,6,14,6,0.85,0.5,0,0,0.001,0.001,0,59000,58900,188,27,26,0.0,0.0,0.0,0.0,7,48,0.0,0.0,0.0,0.0,2,50,0,600,0,59,0,0,0,0,0,0,0,0,0
33,2016-04-14 17:11:49.176,1866,100000,100,INSTITUTIONSHOMOPHILY,true,10,10,6,14,6,0.85,0.5,0,0,0.001,0.001,0,59100,59000,188,31,26,0.0,0.0,0.0,0.0,11,45,0.0,0.0,0.0,0.0,2,50,0,600,0,55,0,0,0,0,0,0,0,0,0
33,2016-04-14 17:11:49.176,1868,100000,100,INSTITUTIONSHOMOPHILY,true,10,10,6,14,6,0.85,0.5,0,0,0.001,0.001,0,59200,59100,186,28,26,0.0,0.0,0.0,0.0,8,47,0.0,0.0,0.0,0.0,2,50,0,600,0,57,0,0,0,0,0,0,0,0,0
33,2016-04-14 17:11:49.176,1871,100000,100,INSTITUTIONSHOMOPHILY,true,10,10,6,14,6,0.85,0.5,0,0,0.001,0.001,0,59300,59200,193,38,22,0.0,0.0,0.0,0.0,12,45,0.0,0.0,0.0,0.0,2,50,0,600,0,54,0,0,0,0,0,0,0,0,0
33,2016-04-14 17:11:49.176,1874,100000,100,INSTITUTIONSHOMOPHILY,true,10,10,6,14,6,0.85,0.5,0,0,0.001,0.001,0,59400,59300,184,32,24,0.0,0.0,0.0,0.0,11,44,0.0,0.0,0.0,0.0,2,50,0,600,0,57,0,0,0,0,0,0,0,0,0
33,2016-04-14 17:11:49.176,1879,100000,100,INSTITUTIONSHOMOPHILY,true,10,10,6,14,6,0.85,0.5,0,0,0.001,0.001,0,59500,59400,191,30,22,0.0,0.0,0.0,0.0,9,46,0.0,0.0,0.0,0.0,2,50,0,600,0,57,0,0,0,0,0,0,0,0,0
33,2016-04-14 17:11:49.176,1881,100000,100,INSTITUTIONSHOMOPHILY,true,10,10,6,14,6,0.85,0.5,0,0,0.001,0.001,0,59600,59500,161,33,25,0.0,0.0,0.0,0.0,10,46,0.0,0.0,0.0,0.0,2,50,0,600,0,56,0,0,0,0,0,0,0,0,0
33,2016-04-14 17:11:49.176,1885,100000,100,INSTITUTIONSHOMOPHILY,true,10,10,6,14,6,0.85,0.5,0,0,0.001,0.001,0,59700,59600,186,32,25,0.0,0.0,0.0,0.0,14,45,0.0,0.0,0.0,0.0,2,50,0,600,0,56,0,0,0,0,0,0,0,0,0
33,2016-04-14 17:11:49.176,1887,100000,100,INSTITUTIONSHOMOPHILY,true,10,10,6,14,6,0.85,0.5,0,0,0.001,0.001,0,59800,59700,191,42,14,0.0,0.0,0.0,0.0,12,41,0.0,0.0,0.0,0.0,2,50,0,600,0,57,0,0,0,0,0,0,0,0,0
33,2016-04-14 17:11:49.176,1891,100000,100,INSTITUTIONSHOMOPHILY,true,10,10,6,14,6,0.85,0.5,0,0,0.001,0.001,0,59900,59800,186,31,22,0.0,0.0,0.0,0.0,10,46,0.0,0.0,0.0,0.0,2,50,0,600,0,59,0,0,0,0,0,0,0,0,0
33,2016-04-14 17:11:49.176,1897,100000,100,INSTITUTIONSHOMOPHILY,true,10,10,6,14,6,0.85,0.5,0,0,0.001,0.001,0,60000,59900,186,27,27,0.0,0.0,0.0,0.0,7,50,0.0,0.0,0.0,0.0,2,50,0,600,0,58,0,0,0,0,0,0,0,0,0
33,2016-04-14 17:11:49.176,1900,100000,100,INSTITUTIONSHOMOPHILY,true,10,10,6,14,6,0.85,0.5,0,0,0.001,0.001,0,60100,60000,172,36,23,0.0,0.0,0.0,0.0,8,45,0.0,0.0,0.0,0.0,2,50,0,600,0,57,0,0,0,0,0,0,0,0,0
33,2016-04-14 17:11:49.176,1903,100000,100,INSTITUTIONSHOMOPHILY,true,10,10,6,14,6,0.85,0.5,0,0,0.001,0.001,0,60200,60100,191,33,23,0.0,0.0,0.0,0.0,10,46,0.0,0.0,0.0,0.0,2,50,0,600,0,56,0,0,0,0,0,0,0,0,0
33,2016-04-14 17:11:49.176,1906,100000,100,INSTITUTIONSHOMOPHILY,true,10,10,6,14,6,0.85,0.5,0,0,0.001,0.001,0,60300,60200,195,27,25,0.0,0.0,0.0,0.0,8,47,0.0,0.0,0.0,0.0,2,50,0,600,0,58,0,0,0,0,0,0,0,0,0
33,2016-04-14 17:11:49.176,1908,100000,100,INSTITUTIONSHOMOPHILY,true,10,10,6,14,6,0.85,0.5,0,0,0.001,0.001,0,60400,60300,188,34,17,0.0,0.0,0.0,0.0,10,45,0.0,0.0,0.0,0.0,2,50,0,600,0,52,0,0,0,0,0,0,0,0,0
33,2016-04-14 17:11:49.176,1911,100000,100,INSTITUTIONSHOMOPHILY,true,10,10,6,14,6,0.85,0.5,0,0,0.001,0.001,0,60500,60400,183,31,30,0.0,0.0,0.0,0.0,9,46,0.0,0.0,0.0,0.0,2,50,0,600,0,57,0,0,0,0,0,0,0,0,0
33,2016-04-14 17:11:49.176,1913,100000,100,INSTITUTIONSHOMOPHILY,true,10,10,6,14,6,0.85,0.5,0,0,0.001,0.001,0,60600,60500,180,31,26,0.0,0.0,0.0,0.0,7,46,0.0,0.0,0.0,0.0,2,50,0,600,0,55,0,0,0,0,0,0,0,0,0
33,2016-04-14 17:11:49.176,1916,100000,100,INSTITUTIONSHOMOPHILY,true,10,10,6,14,6,0.85,0.5,0,0,0.001,0.001,0,60700,60600,195,34,32,0.0,0.0,0.0,0.0,7,47,0.0,0.0,0.0,0.0,2,50,0,600,0,57,0,0,0,0,0,0,0,0,0
33,2016-04-14 17:11:49.176,1919,100000,100,INSTITUTIONSHOMOPHILY,true,10,10,6,14,6,0.85,0.5,0,0,0.001,0.001,0,60800,60700,185,37,21,0.0,0.0,0.0,0.0,12,44,0.0,0.0,0.0,0.0,2,50,0,600,0,58,0,0,0,0,0,0,0,0,0
33,2016-04-14 17:11:49.176,1922,100000,100,INSTITUTIONSHOMOPHILY,true,10,10,6,14,6,0.85,0.5,0,0,0.001,0.001,0,60900,60800,179,28,29,0.0,0.0,0.0,0.0,8,47,0.0,0.0,0.0,0.0,2,50,0,600,0,58,0,0,0,0,0,0,0,0,0
33,2016-04-14 17:11:49.176,1924,100000,100,INSTITUTIONSHOMOPHILY,true,10,10,6,14,6,0.85,0.5,0,0,0.001,0.001,0,61000,60900,189,24,37,0.0,0.0,0.0,0.0,7,49,0.0,0.0,0.0,0.0,2,50,0,600,0,57,0,0,0,0,0,0,0,0,0
33,2016-04-14 17:11:49.176,1935,100000,100,INSTITUTIONSHOMOPHILY,true,10,10,6,14,6,0.85,0.5,0,0,0.001,0.001,0,61100,61000,187,29,28,0.0,0.0,0.0,0.0,10,45,0.0,0.0,0.0,0.0,2,50,0,600,0,57,0,0,0,0,0,0,0,0,0
33,2016-04-14 17:11:49.176,1938,100000,100,INSTITUTIONSHOMOPHILY,true,10,10,6,14,6,0.85,0.5,0,0,0.001,0.001,0,61200,61100,196,36,19,0.0,0.0,0.0,0.0,10,47,0.0,0.0,0.0,0.0,2,50,0,600,0,57,0,0,0,0,0,0,0,0,0
33,2016-04-14 17:11:49.176,1940,100000,100,INSTITUTIONSHOMOPHILY,true,10,10,6,14,6,0.85,0.5,0,0,0.001,0.001,0,61300,61200,187,40,21,0.0,0.0,0.0,0.0,9,44,0.0,0.0,0.0,0.0,2,50,0,600,0,57,0,0,0,0,0,0,0,0,0
33,2016-04-14 17:11:49.176,1946,100000,100,INSTITUTIONSHOMOPHILY,true,10,10,6,14,6,0.85,0.5,0,0,0.001,0.001,0,61400,61300,176,34,18,0.0,0.0,0.0,0.0,11,47,0.0,0.0,0.0,0.0,2,50,0,600,0,56,0,0,0,0,0,0,0,0,0
33,2016-04-14 17:11:49.176,1948,100000,100,INSTITUTIONSHOMOPHILY,true,10,10,6,14,6,0.85,0.5,0,0,0.001,0.001,0,61500,61400,195,31,25,0.0,0.0,0.0,0.0,8,47,0.0,0.0,0.0,0.0,2,50,0,600,0,56,0,0,0,0,0,0,0,0,0
33,2016-04-14 17:11:49.176,1951,100000,100,INSTITUTIONSHOMOPHILY,true,10,10,6,14,6,0.85,0.5,0,0,0.001,0.001,0,61600,61500,185,23,38,0.0,0.0,0.0,0.0,7,49,0.0,0.0,0.0,0.0,2,50,0,600,0,58,0,0,0,0,0,0,0,0,0
33,2016-04-14 17:11:49.176,1954,100000,100,INSTITUTIONSHOMOPHILY,true,10,10,6,14,6,0.85,0.5,0,0,0.001,0.001,0,61700,61600,193,34,22,0.0,0.0,0.0,0.0,11,47,0.0,0.0,0.0,0.0,2,50,0,600,0,58,0,0,0,0,0,0,0,0,0
33,2016-04-14 17:11:49.176,1956,100000,100,INSTITUTIONSHOMOPHILY,true,10,10,6,14,6,0.85,0.5,0,0,0.001,0.001,0,61800,61700,191,34,27,0.0,0.0,0.0,0.0,9,45,0.0,0.0,0.0,0.0,2,50,0,600,0,57,0,0,0,0,0,0,0,0,0
33,2016-04-14 17:11:49.176,1959,100000,100,INSTITUTIONSHOMOPHILY,true,10,10,6,14,6,0.85,0.5,0,0,0.001,0.001,0,61900,61800,186,37,17,0.0,0.0,0.0,0.0,12,44,0.0,0.0,0.0,0.0,2,50,0,600,0,56,0,0,0,0,0,0,0,0,0
33,2016-04-14 17:11:49.176,1963,100000,100,INSTITUTIONSHOMOPHILY,true,10,10,6,14,6,0.85,0.5,0,0,0.001,0.001,0,62000,61900,183,29,26,0.0,0.0,0.0,0.0,12,46,0.0,0.0,0.0,0.0,2,50,0,600,0,57,0,0,0,0,0,0,0,0,0
33,2016-04-14 17:11:49.176,1967,100000,100,INSTITUTIONSHOMOPHILY,true,10,10,6,14,6,0.85,0.5,0,0,0.001,0.001,0,62100,62000,179,33,23,0.0,0.0,0.0,0.0,11,46,0.0,0.0,0.0,0.0,2,50,0,600,0,57,0,0,0,0,0,0,0,0,0
33,2016-04-14 17:11:49.176,1970,100000,100,INSTITUTIONSHOMOPHILY,true,10,10,6,14,6,0.85,0.5,0,0,0.001,0.001,0,62200,62100,185,28,27,0.0,0.0,0.0,0.0,6,48,0.0,0.0,0.0,0.0,2,50,0,600,0,59,0,0,0,0,0,0,0,0,0
33,2016-04-14 17:11:49.176,1972,100000,100,INSTITUTIONSHOMOPHILY,true,10,10,6,14,6,0.85,0.5,0,0,0.001,0.001,0,62300,62200,187,26,23,0.0,0.0,0.0,0.0,8,49,0.0,0.0,0.0,0.0,2,50,0,600,0,59,0,0,0,0,0,0,0,0,0
33,2016-04-14 17:11:49.176,1975,100000,100,INSTITUTIONSHOMOPHILY,true,10,10,6,14,6,0.85,0.5,0,0,0.001,0.001,0,62400,62300,192,37,16,0.0,0.0,0.0,0.0,13,45,0.0,0.0,0.0,0.0,2,50,0,600,0,57,0,0,0,0,0,0,0,0,0
33,2016-04-14 17:11:49.176,1977,100000,100,INSTITUTIONSHOMOPHILY,true,10,10,6,14,6,0.85,0.5,0,0,0.001,0.001,0,62500,62400,184,38,22,0.0,0.0,0.0,0.0,13,44,0.0,0.0,0.0,0.0,2,50,0,600,0,56,0,0,0,0,0,0,0,0,0
33,2016-04-14 17:11:49.176,1980,100000,100,INSTITUTIONSHOMOPHILY,true,10,10,6,14,6,0.85,0.5,0,0,0.001,0.001,0,62600,62500,183,29,25,0.0,0.0,0.0,0.0,9,46,0.0,0.0,0.0,0.0,2,50,0,600,0,58,0,0,0,0,0,0,0,0,0
33,2016-04-14 17:11:49.176,1983,100000,100,INSTITUTIONSHOMOPHILY,true,10,10,6,14,6,0.85,0.5,0,0,0.001,0.001,0,62700,62600,182,36,18,0.0,0.0,0.0,0.0,11,44,0.0,0.0,0.0,0.0,2,50,0,600,0,57,0,0,0,0,0,0,0,0,0
33,2016-04-14 17:11:49.176,1985,100000,100,INSTITUTIONSHOMOPHILY,true,10,10,6,14,6,0.85,0.5,0,0,0.001,0.001,0,62800,62700,176,26,36,0.0,0.0,0.0,0.0,10,46,0.0,0.0,0.0,0.0,2,50,0,600,0,56,0,0,0,0,0,0,0,0,0
33,2016-04-14 17:11:49.176,1988,100000,100,INSTITUTIONSHOMOPHILY,true,10,10,6,14,6,0.85,0.5,0,0,0.001,0.001,0,62900,62800,183,33,25,0.0,0.0,0.0,0.0,11,45,0.0,0.0,0.0,0.0,2,50,0,600,0,58,0,0,0,0,0,0,0,0,0
33,2016-04-14 17:11:49.176,1990,100000,100,INSTITUTIONSHOMOPHILY,true,10,10,6,14,6,0.85,0.5,0,0,0.001,0.001,0,63000,62900,186,30,25,0.0,0.0,0.0,0.0,7,46,0.0,0.0,0.0,0.0,2,50,0,600,0,58,0,0,0,0,0,0,0,0,0
33,2016-04-14 17:11:49.176,2004,100000,100,INSTITUTIONSHOMOPHILY,true,10,10,6,14,6,0.85,0.5,0,0,0.001,0.001,0,63100,63000,194,29,26,0.0,0.0,0.0,0.0,9,47,0.0,0.0,0.0,0.0,2,50,0,600,0,57,0,0,0,0,0,0,0,0,0
33,2016-04-14 17:11:49.176,2006,100000,100,INSTITUTIONSHOMOPHILY,true,10,10,6,14,6,0.85,0.5,0,0,0.001,0.001,0,63200,63100,178,31,32,0.0,0.0,0.0,0.0,11,46,0.0,0.0,0.0,0.0,2,50,0,600,0,58,0,0,0,0,0,0,0,0,0
33,2016-04-14 17:11:49.176,2009,100000,100,INSTITUTIONSHOMOPHILY,true,10,10,6,14,6,0.85,0.5,0,0,0.001,0.001,0,63300,63200,185,31,33,0.0,0.0,0.0,0.0,11,45,0.0,0.0,0.0,0.0,2,50,0,600,0,56,0,0,0,0,0,0,0,0,0
33,2016-04-14 17:11:49.176,2012,100000,100,INSTITUTIONSHOMOPHILY,true,10,10,6,14,6,0.85,0.5,0,0,0.001,0.001,0,63400,63300,180,29,32,0.0,0.0,0.0,0.0,8,46,0.0,0.0,0.0,0.0,2,50,0,600,0,57,0,0,0,0,0,0,0,0,0
33,2016-04-14 17:11:49.176,2015,100000,100,INSTITUTIONSHOMOPHILY,true,10,10,6,14,6,0.85,0.5,0,0,0.001,0.001,0,63500,63400,187,34,23,0.0,0.0,0.0,0.0,9,47,0.0,0.0,0.0,0.0,2,50,0,600,0,57,0,0,0,0,0,0,0,0,0
33,2016-04-14 17:11:49.176,2026,100000,100,INSTITUTIONSHOMOPHILY,true,10,10,6,14,6,0.85,0.5,0,0,0.001,0.001,0,63600,63500,180,32,37,0.0,0.0,0.0,0.0,11,48,0.0,0.0,0.0,0.0,2,50,0,600,0,59,0,0,0,0,0,0,0,0,0
33,2016-04-14 17:11:49.176,2028,100000,100,INSTITUTIONSHOMOPHILY,true,10,10,6,14,6,0.85,0.5,0,0,0.001,0.001,0,63700,63600,184,31,25,0.0,0.0,0.0,0.0,7,47,0.0,0.0,0.0,0.0,2,50,0,600,0,55,0,0,0,0,0,0,0,0,0
33,2016-04-14 17:11:49.176,2031,100000,100,INSTITUTIONSHOMOPHILY,true,10,10,6,14,6,0.85,0.5,0,0,0.001,0.001,0,63800,63700,191,33,24,0.0,0.0,0.0,0.0,10,45,0.0,0.0,0.0,0.0,2,50,0,600,0,55,0,0,0,0,0,0,0,0,0
33,2016-04-14 17:11:49.176,2033,100000,100,INSTITUTIONSHOMOPHILY,true,10,10,6,14,6,0.85,0.5,0,0,0.001,0.001,0,63900,63800,195,29,31,0.0,0.0,0.0,0.0,10,48,0.0,0.0,0.0,0.0,2,50,0,600,0,58,0,0,0,0,0,0,0,0,0
33,2016-04-14 17:11:49.176,2036,100000,100,INSTITUTIONSHOMOPHILY,true,10,10,6,14,6,0.85,0.5,0,0,0.001,0.001,0,64000,63900,185,33,16,0.0,0.0,0.0,0.0,11,47,0.0,0.0,0.0,0.0,2,50,0,600,0,55,0,0,0,0,0,0,0,0,0
33,2016-04-14 17:11:49.176,2039,100000,100,INSTITUTIONSHOMOPHILY,true,10,10,6,14,6,0.85,0.5,0,0,0.001,0.001,0,64100,64000,184,25,27,0.0,0.0,0.0,0.0,10,46,0.0,0.0,0.0,0.0,2,50,0,600,0,56,0,0,0,0,0,0,0,0,0
33,2016-04-14 17:11:49.176,2042,100000,100,INSTITUTIONSHOMOPHILY,true,10,10,6,14,6,0.85,0.5,0,0,0.001,0.001,0,64200,64100,185,28,37,0.0,0.0,0.0,0.0,11,46,0.0,0.0,0.0,0.0,2,50,0,600,0,58,0,0,0,0,0,0,0,0,0
33,2016-04-14 17:11:49.176,2044,100000,100,INSTITUTIONSHOMOPHILY,true,10,10,6,14,6,0.85,0.5,0,0,0.001,0.001,0,64300,64200,188,28,35,0.0,0.0,0.0,0.0,11,46,0.0,0.0,0.0,0.0,2,50,0,600,0,58,0,0,0,0,0,0,0,0,0
33,2016-04-14 17:11:49.176,2047,100000,100,INSTITUTIONSHOMOPHILY,true,10,10,6,14,6,0.85,0.5,0,0,0.001,0.001,0,64400,64300,194,23,32,0.0,0.0,0.0,0.0,5,50,0.0,0.0,0.0,0.0,2,50,0,600,0,57,0,0,0,0,0,0,0,0,0
33,2016-04-14 17:11:49.176,2049,100000,100,INSTITUTIONSHOMOPHILY,true,10,10,6,14,6,0.85,0.5,0,0,0.001,0.001,0,64500,64400,186,35,19,0.0,0.0,0.0,0.0,12,44,0.0,0.0,0.0,0.0,2,50,0,600,0,56,0,0,0,0,0,0,0,0,0
33,2016-04-14 17:11:49.176,2052,100000,100,INSTITUTIONSHOMOPHILY,true,10,10,6,14,6,0.85,0.5,0,0,0.001,0.001,0,64600,64500,189,34,25,0.0,0.0,0.0,0.0,10,46,0.0,0.0,0.0,0.0,2,50,0,600,0,55,0,0,0,0,0,0,0,0,0
33,2016-04-14 17:11:49.176,2054,100000,100,INSTITUTIONSHOMOPHILY,true,10,10,6,14,6,0.85,0.5,0,0,0.001,0.001,0,64700,64600,182,31,22,0.0,0.0,0.0,0.0,11,46,0.0,0.0,0.0,0.0,2,50,0,600,0,59,0,0,0,0,0,0,0,0,0
33,2016-04-14 17:11:49.176,2057,100000,100,INSTITUTIONSHOMOPHILY,true,10,10,6,14,6,0.85,0.5,0,0,0.001,0.001,0,64800,64700,179,31,25,0.0,0.0,0.0,0.0,8,47,0.0,0.0,0.0,0.0,2,50,0,600,0,57,0,0,0,0,0,0,0,0,0
33,2016-04-14 17:11:49.176,2060,100000,100,INSTITUTIONSHOMOPHILY,true,10,10,6,14,6,0.85,0.5,0,0,0.001,0.001,0,64900,64800,193,28,26,0.0,0.0,0.0,0.0,9,46,0.0,0.0,0.0,0.0,2,50,0,600,0,58,0,0,0,0,0,0,0,0,0
33,2016-04-14 17:11:49.176,2063,100000,100,INSTITUTIONSHOMOPHILY,true,10,10,6,14,6,0.85,0.5,0,0,0.001,0.001,0,65000,64900,178,26,31,0.0,0.0,0.0,0.0,8,46,0.0,0.0,0.0,0.0,2,50,0,600,0,57,0,0,0,0,0,0,0,0,0
33,2016-04-14 17:11:49.176,2066,100000,100,INSTITUTIONSHOMOPHILY,true,10,10,6,14,6,0.85,0.5,0,0,0.001,0.001,0,65100,65000,188,26,22,0.0,0.0,0.0,0.0,8,47,0.0,0.0,0.0,0.0,2,50,0,600,0,56,0,0,0,0,0,0,0,0,0
33,2016-04-14 17:11:49.176,2068,100000,100,INSTITUTIONSHOMOPHILY,true,10,10,6,14,6,0.85,0.5,0,0,0.001,0.001,0,65200,65100,185,28,26,0.0,0.0,0.0,0.0,8,49,0.0,0.0,0.0,0.0,2,50,0,600,0,55,0,0,0,0,0,0,0,0,0
33,2016-04-14 17:11:49.176,2071,100000,100,INSTITUTIONSHOMOPHILY,true,10,10,6,14,6,0.85,0.5,0,0,0.001,0.001,0,65300,65200,188,21,38,0.0,0.0,0.0,0.0,5,49,0.0,0.0,0.0,0.0,2,50,0,600,0,57,0,0,0,0,0,0,0,0,0
33,2016-04-14 17:11:49.176,2073,100000,100,INSTITUTIONSHOMOPHILY,true,10,10,6,14,6,0.85,0.5,0,0,0.001,0.001,0,65400,65300,186,29,33,0.0,0.0,0.0,0.0,8,47,0.0,0.0,0.0,0.0,2,50,0,600,0,58,0,0,0,0,0,0,0,0,0
33,2016-04-14 17:11:49.176,2076,100000,100,INSTITUTIONSHOMOPHILY,true,10,10,6,14,6,0.85,0.5,0,0,0.001,0.001,0,65500,65400,181,35,22,0.0,0.0,0.0,0.0,10,45,0.0,0.0,0.0,0.0,2,50,0,600,0,59,0,0,0,0,0,0,0,0,0
33,2016-04-14 17:11:49.176,2079,100000,100,INSTITUTIONSHOMOPHILY,true,10,10,6,14,6,0.85,0.5,0,0,0.001,0.001,0,65600,65500,188,39,24,0.0,0.0,0.0,0.0,12,43,0.0,0.0,0.0,0.0,2,50,0,600,0,56,0,0,0,0,0,0,0,0,0
33,2016-04-14 17:11:49.176,2081,100000,100,INSTITUTIONSHOMOPHILY,true,10,10,6,14,6,0.85,0.5,0,0,0.001,0.001,0,65700,65600,187,30,24,0.0,0.0,0.0,0.0,8,48,0.0,0.0,0.0,0.0,2,50,0,600,0,58,0,0,0,0,0,0,0,0,0
33,2016-04-14 17:11:49.176,2084,100000,100,INSTITUTIONSHOMOPHILY,true,10,10,6,14,6,0.85,0.5,0,0,0.001,0.001,0,65800,65700,183,33,23,0.0,0.0,0.0,0.0,9,45,0.0,0.0,0.0,0.0,2,50,0,600,0,60,0,0,0,0,0,0,0,0,0
33,2016-04-14 17:11:49.176,2086,100000,100,INSTITUTIONSHOMOPHILY,true,10,10,6,14,6,0.85,0.5,0,0,0.001,0.001,0,65900,65800,186,32,24,0.0,0.0,0.0,0.0,10,46,0.0,0.0,0.0,0.0,2,50,0,600,0,57,0,0,0,0,0,0,0,0,0
33,2016-04-14 17:11:49.176,2089,100000,100,INSTITUTIONSHOMOPHILY,true,10,10,6,14,6,0.85,0.5,0,0,0.001,0.001,0,66000,65900,182,26,27,0.0,0.0,0.0,0.0,8,48,0.0,0.0,0.0,0.0,2,50,0,600,0,57,0,0,0,0,0,0,0,0,0
33,2016-04-14 17:11:49.176,2092,100000,100,INSTITUTIONSHOMOPHILY,true,10,10,6,14,6,0.85,0.5,0,0,0.001,0.001,0,66100,66000,183,23,27,0.0,0.0,0.0,0.0,5,49,0.0,0.0,0.0,0.0,2,50,0,600,0,57,0,0,0,0,0,0,0,0,0
33,2016-04-14 17:11:49.176,2110,100000,100,INSTITUTIONSHOMOPHILY,true,10,10,6,14,6,0.85,0.5,0,0,0.001,0.001,0,66200,66100,185,31,21,0.0,0.0,0.0,0.0,11,47,0.0,0.0,0.0,0.0,2,50,0,600,0,57,0,0,0,0,0,0,0,0,0
33,2016-04-14 17:11:49.176,2113,100000,100,INSTITUTIONSHOMOPHILY,true,10,10,6,14,6,0.85,0.5,0,0,0.001,0.001,0,66300,66200,182,29,29,0.0,0.0,0.0,0.0,10,46,0.0,0.0,0.0,0.0,2,50,0,600,0,56,0,0,0,0,0,0,0,0,0
33,2016-04-14 17:11:49.176,2116,100000,100,INSTITUTIONSHOMOPHILY,true,10,10,6,14,6,0.85,0.5,0,0,0.001,0.001,0,66400,66300,183,33,27,0.0,0.0,0.0,0.0,12,46,0.0,0.0,0.0,0.0,2,50,0,600,0,56,0,0,0,0,0,0,0,0,0
33,2016-04-14 17:11:49.176,2118,100000,100,INSTITUTIONSHOMOPHILY,true,10,10,6,14,6,0.85,0.5,0,0,0.001,0.001,0,66500,66400,190,26,26,0.0,0.0,0.0,0.0,8,46,0.0,0.0,0.0,0.0,2,50,0,600,0,57,0,0,0,0,0,0,0,0,0
33,2016-04-14 17:11:49.176,2121,100000,100,INSTITUTIONSHOMOPHILY,true,10,10,6,14,6,0.85,0.5,0,0,0.001,0.001,0,66600,66500,181,32,20,0.0,0.0,0.0,0.0,11,45,0.0,0.0,0.0,0.0,2,50,0,600,0,56,0,0,0,0,0,0,0,0,0
33,2016-04-14 17:11:49.176,2123,100000,100,INSTITUTIONSHOMOPHILY,true,10,10,6,14,6,0.85,0.5,0,0,0.001,0.001,0,66700,66600,183,22,36,0.0,0.0,0.0,0.0,6,48,0.0,0.0,0.0,0.0,2,50,0,600,0,58,0,0,0,0,0,0,0,0,0
33,2016-04-14 17:11:49.176,2126,100000,100,INSTITUTIONSHOMOPHILY,true,10,10,6,14,6,0.85,0.5,0,0,0.001,0.001,0,66800,66700,188,37,11,0.0,0.0,0.0,0.0,11,45,0.0,0.0,0.0,0.0,2,50,0,600,0,56,0,0,0,0,0,0,0,0,0
33,2016-04-14 17:11:49.176,2130,100000,100,INSTITUTIONSHOMOPHILY,true,10,10,6,14,6,0.85,0.5,0,0,0.001,0.001,0,66900,66800,188,29,26,0.0,0.0,0.0,0.0,7,48,0.0,0.0,0.0,0.0,2,50,0,600,0,58,0,0,0,0,0,0,0,0,0
33,2016-04-14 17:11:49.176,2133,100000,100,INSTITUTIONSHOMOPHILY,true,10,10,6,14,6,0.85,0.5,0,0,0.001,0.001,0,67000,66900,183,25,27,0.0,0.0,0.0,0.0,8,47,0.0,0.0,0.0,0.0,2,50,0,600,0,55,0,0,0,0,0,0,0,0,0
33,2016-04-14 17:11:49.176,2135,100000,100,INSTITUTIONSHOMOPHILY,true,10,10,6,14,6,0.85,0.5,0,0,0.001,0.001,0,67100,67000,192,32,22,0.0,0.0,0.0,0.0,10,46,0.0,0.0,0.0,0.0,2,50,0,600,0,58,0,0,0,0,0,0,0,0,0
33,2016-04-14 17:11:49.176,2138,100000,100,INSTITUTIONSHOMOPHILY,true,10,10,6,14,6,0.85,0.5,0,0,0.001,0.001,0,67200,67100,194,37,25,0.0,0.0,0.0,0.0,12,45,0.0,0.0,0.0,0.0,2,50,0,600,0,59,0,0,0,0,0,0,0,0,0
33,2016-04-14 17:11:49.176,2140,100000,100,INSTITUTIONSHOMOPHILY,true,10,10,6,14,6,0.85,0.5,0,0,0.001,0.001,0,67300,67200,189,34,13,0.0,0.0,0.0,0.0,8,48,0.0,0.0,0.0,0.0,2,50,0,600,0,58,0,0,0,0,0,0,0,0,0
33,2016-04-14 17:11:49.176,2143,100000,100,INSTITUTIONSHOMOPHILY,true,10,10,6,14,6,0.85,0.5,0,0,0.001,0.001,0,67400,67300,178,23,30,0.0,0.0,0.0,0.0,7,49,0.0,0.0,0.0,0.0,2,50,0,600,0,55,0,0,0,0,0,0,0,0,0
33,2016-04-14 17:11:49.176,2146,100000,100,INSTITUTIONSHOMOPHILY,true,10,10,6,14,6,0.85,0.5,0,0,0.001,0.001,0,67500,67400,190,25,33,0.0,0.0,0.0,0.0,8,47,0.0,0.0,0.0,0.0,2,50,0,600,0,56,0,0,0,0,0,0,0,0,0
33,2016-04-14 17:11:49.176,2148,100000,100,INSTITUTIONSHOMOPHILY,true,10,10,6,14,6,0.85,0.5,0,0,0.001,0.001,0,67600,67500,186,27,27,0.0,0.0,0.0,0.0,7,47,0.0,0.0,0.0,0.0,2,50,0,600,0,55,0,0,0,0,0,0,0,0,0
33,2016-04-14 17:11:49.176,2151,100000,100,INSTITUTIONSHOMOPHILY,true,10,10,6,14,6,0.85,0.5,0,0,0.001,0.001,0,67700,67600,189,35,21,0.0,0.0,0.0,0.0,12,45,0.0,0.0,0.0,0.0,2,50,0,600,0,55,0,0,0,0,0,0,0,0,0
33,2016-04-14 17:11:49.176,2154,100000,100,INSTITUTIONSHOMOPHILY,true,10,10,6,14,6,0.85,0.5,0,0,0.001,0.001,0,67800,67700,191,34,24,0.0,0.0,0.0,0.0,12,45,0.0,0.0,0.0,0.0,2,50,0,600,0,58,0,0,0,0,0,0,0,0,0
33,2016-04-14 17:11:49.176,2156,100000,100,INSTITUTIONSHOMOPHILY,true,10,10,6,14,6,0.85,0.5,0,0,0.001,0.001,0,67900,67800,178,31,26,0.0,0.0,0.0,0.0,10,46,0.0,0.0,0.0,0.0,2,50,0,600,0,57,0,0,0,0,0,0,0,0,0
33,2016-04-14 17:11:49.176,2159,100000,100,INSTITUTIONSHOMOPHILY,true,10,10,6,14,6,0.85,0.5,0,0,0.001,0.001,0,68000,67900,195,28,26,0.0,0.0,0.0,0.0,5,49,0.0,0.0,0.0,0.0,2,50,0,600,0,58,0,0,0,0,0,0,0,0,0
33,2016-04-14 17:11:49.176,2161,100000,100,INSTITUTIONSHOMOPHILY,true,10,10,6,14,6,0.85,0.5,0,0,0.001,0.001,0,68100,68000,186,32,25,0.0,0.0,0.0,0.0,11,43,0.0,0.0,0.0,0.0,2,50,0,600,0,57,0,0,0,0,0,0,0,0,0
33,2016-04-14 17:11:49.176,2164,100000,100,INSTITUTIONSHOMOPHILY,true,10,10,6,14,6,0.85,0.5,0,0,0.001,0.001,0,68200,68100,186,29,26,0.0,0.0,0.0,0.0,9,47,0.0,0.0,0.0,0.0,2,50,0,600,0,55,0,0,0,0,0,0,0,0,0
33,2016-04-14 17:11:49.176,2166,100000,100,INSTITUTIONSHOMOPHILY,true,10,10,6,14,6,0.85,0.5,0,0,0.001,0.001,0,68300,68200,187,29,24,0.0,0.0,0.0,0.0,10,46,0.0,0.0,0.0,0.0,2,50,0,600,0,56,0,0,0,0,0,0,0,0,0
33,2016-04-14 17:11:49.176,2169,100000,100,INSTITUTIONSHOMOPHILY,true,10,10,6,14,6,0.85,0.5,0,0,0.001,0.001,0,68400,68300,190,25,35,0.0,0.0,0.0,0.0,7,48,0.0,0.0,0.0,0.0,2,50,0,600,0,58,0,0,0,0,0,0,0,0,0
33,2016-04-14 17:11:49.176,2172,100000,100,INSTITUTIONSHOMOPHILY,true,10,10,6,14,6,0.85,0.5,0,0,0.001,0.001,0,68500,68400,195,35,17,0.0,0.0,0.0,0.0,10,46,0.0,0.0,0.0,0.0,2,50,0,600,0,58,0,0,0,0,0,0,0,0,0
33,2016-04-14 17:11:49.176,2175,100000,100,INSTITUTIONSHOMOPHILY,true,10,10,6,14,6,0.85,0.5,0,0,0.001,0.001,0,68600,68500,184,35,15,0.0,0.0,0.0,0.0,11,47,0.0,0.0,0.0,0.0,2,50,0,600,0,59,0,0,0,0,0,0,0,0,0
33,2016-04-14 17:11:49.176,2179,100000,100,INSTITUTIONSHOMOPHILY,true,10,10,6,14,6,0.85,0.5,0,0,0.001,0.001,0,68700,68600,170,23,36,0.0,0.0,0.0,0.0,6,48,0.0,0.0,0.0,0.0,2,50,0,600,0,54,0,0,0,0,0,0,0,0,0
33,2016-04-14 17:11:49.176,2181,100000,100,INSTITUTIONSHOMOPHILY,true,10,10,6,14,6,0.85,0.5,0,0,0.001,0.001,0,68800,68700,189,27,36,0.0,0.0,0.0,0.0,8,48,0.0,0.0,0.0,0.0,2,50,0,600,0,56,0,0,0,0,0,0,0,0,0
33,2016-04-14 17:11:49.176,2184,100000,100,INSTITUTIONSHOMOPHILY,true,10,10,6,14,6,0.85,0.5,0,0,0.001,0.001,0,68900,68800,197,31,22,0.0,0.0,0.0,0.0,11,45,0.0,0.0,0.0,0.0,2,50,0,600,0,59,0,0,0,0,0,0,0,0,0
33,2016-04-14 17:11:49.176,2186,100000,100,INSTITUTIONSHOMOPHILY,true,10,10,6,14,6,0.85,0.5,0,0,0.001,0.001,0,69000,68900,186,25,38,0.0,0.0,0.0,0.0,9,47,0.0,0.0,0.0,0.0,2,50,0,600,0,57,0,0,0,0,0,0,0,0,0
33,2016-04-14 17:11:49.176,2189,100000,100,INSTITUTIONSHOMOPHILY,true,10,10,6,14,6,0.85,0.5,0,0,0.001,0.001,0,69100,69000,193,25,24,0.0,0.0,0.0,0.0,8,47,0.0,0.0,0.0,0.0,2,50,0,600,0,59,0,0,0,0,0,0,0,0,0
33,2016-04-14 17:11:49.176,2192,100000,100,INSTITUTIONSHOMOPHILY,true,10,10,6,14,6,0.85,0.5,0,0,0.001,0.001,0,69200,69100,176,33,25,0.0,0.0,0.0,0.0,14,46,0.0,0.0,0.0,0.0,2,50,0,600,0,52,0,0,0,0,0,0,0,0,0
33,2016-04-14 17:11:49.176,2195,100000,100,INSTITUTIONSHOMOPHILY,true,10,10,6,14,6,0.85,0.5,0,0,0.001,0.001,0,69300,69200,181,32,23,0.0,0.0,0.0,0.0,8,47,0.0,0.0,0.0,0.0,2,50,0,600,0,59,0,0,0,0,0,0,0,0,0
33,2016-04-14 17:11:49.176,2197,100000,100,INSTITUTIONSHOMOPHILY,true,10,10,6,14,6,0.85,0.5,0,0,0.001,0.001,0,69400,69300,185,22,37,0.0,0.0,0.0,0.0,6,48,0.0,0.0,0.0,0.0,2,50,0,600,0,58,0,0,0,0,0,0,0,0,0
33,2016-04-14 17:11:49.176,2200,100000,100,INSTITUTIONSHOMOPHILY,true,10,10,6,14,6,0.85,0.5,0,0,0.001,0.001,0,69500,69400,186,25,27,0.0,0.0,0.0,0.0,7,48,0.0,0.0,0.0,0.0,2,50,0,600,0,57,0,0,0,0,0,0,0,0,0
33,2016-04-14 17:11:49.176,2202,100000,100,INSTITUTIONSHOMOPHILY,true,10,10,6,14,6,0.85,0.5,0,0,0.001,0.001,0,69600,69500,189,40,16,0.0,0.0,0.0,0.0,14,45,0.0,0.0,0.0,0.0,2,50,0,600,0,56,0,0,0,0,0,0,0,0,0
33,2016-04-14 17:11:49.176,2205,100000,100,INSTITUTIONSHOMOPHILY,true,10,10,6,14,6,0.85,0.5,0,0,0.001,0.001,0,69700,69600,187,35,25,0.0,0.0,0.0,0.0,13,45,0.0,0.0,0.0,0.0,2,50,0,600,0,62,0,0,0,0,0,0,0,0,0
33,2016-04-14 17:11:49.176,2207,100000,100,INSTITUTIONSHOMOPHILY,true,10,10,6,14,6,0.85,0.5,0,0,0.001,0.001,0,69800,69700,181,33,27,0.0,0.0,0.0,0.0,10,46,0.0,0.0,0.0,0.0,2,50,0,600,0,56,0,0,0,0,0,0,0,0,0
33,2016-04-14 17:11:49.176,2210,100000,100,INSTITUTIONSHOMOPHILY,true,10,10,6,14,6,0.85,0.5,0,0,0.001,0.001,0,69900,69800,188,29,30,0.0,0.0,0.0,0.0,8,49,0.0,0.0,0.0,0.0,2,50,0,600,0,56,0,0,0,0,0,0,0,0,0
33,2016-04-14 17:11:49.176,2214,100000,100,INSTITUTIONSHOMOPHILY,true,10,10,6,14,6,0.85,0.5,0,0,0.001,0.001,0,70000,69900,182,27,27,0.0,0.0,0.0,0.0,8,46,0.0,0.0,0.0,0.0,2,50,0,600,0,58,0,0,0,0,0,0,0,0,0
33,2016-04-14 17:11:49.176,2216,100000,100,INSTITUTIONSHOMOPHILY,true,10,10,6,14,6,0.85,0.5,0,0,0.001,0.001,0,70100,70000,187,30,35,0.0,0.0,0.0,0.0,11,46,0.0,0.0,0.0,0.0,2,50,0,600,0,58,0,0,0,0,0,0,0,0,0
33,2016-04-14 17:11:49.176,2219,100000,100,INSTITUTIONSHOMOPHILY,true,10,10,6,14,6,0.85,0.5,0,0,0.001,0.001,0,70200,70100,179,29,23,0.0,0.0,0.0,0.0,10,47,0.0,0.0,0.0,0.0,2,50,0,600,0,58,0,0,0,0,0,0,0,0,0
33,2016-04-14 17:11:49.176,2222,100000,100,INSTITUTIONSHOMOPHILY,true,10,10,6,14,6,0.85,0.5,0,0,0.001,0.001,0,70300,70200,190,34,17,0.0,0.0,0.0,0.0,9,46,0.0,0.0,0.0,0.0,2,50,0,600,0,56,0,0,0,0,0,0,0,0,0
33,2016-04-14 17:11:49.176,2224,100000,100,INSTITUTIONSHOMOPHILY,true,10,10,6,14,6,0.85,0.5,0,0,0.001,0.001,0,70400,70300,186,28,23,0.0,0.0,0.0,0.0,7,47,0.0,0.0,0.0,0.0,2,50,0,600,0,57,0,0,0,0,0,0,0,0,0
33,2016-04-14 17:11:49.176,2239,100000,100,INSTITUTIONSHOMOPHILY,true,10,10,6,14,6,0.85,0.5,0,0,0.001,0.001,0,70500,70400,188,31,20,0.0,0.0,0.0,0.0,10,47,0.0,0.0,0.0,0.0,2,50,0,600,0,58,0,0,0,0,0,0,0,0,0
33,2016-04-14 17:11:49.176,2241,100000,100,INSTITUTIONSHOMOPHILY,true,10,10,6,14,6,0.85,0.5,0,0,0.001,0.001,0,70600,70500,186,27,27,0.0,0.0,0.0,0.0,8,47,0.0,0.0,0.0,0.0,2,50,0,600,0,54,0,0,0,0,0,0,0,0,0
33,2016-04-14 17:11:49.176,2246,100000,100,INSTITUTIONSHOMOPHILY,true,10,10,6,14,6,0.85,0.5,0,0,0.001,0.001,0,70700,70600,182,39,21,0.0,0.0,0.0,0.0,10,43,0.0,0.0,0.0,0.0,2,50,0,600,0,54,0,0,0,0,0,0,0,0,0
33,2016-04-14 17:11:49.176,2249,100000,100,INSTITUTIONSHOMOPHILY,true,10,10,6,14,6,0.85,0.5,0,0,0.001,0.001,0,70800,70700,179,30,31,0.0,0.0,0.0,0.0,12,45,0.0,0.0,0.0,0.0,2,50,0,600,0,58,0,0,0,0,0,0,0,0,0
33,2016-04-14 17:11:49.176,2251,100000,100,INSTITUTIONSHOMOPHILY,true,10,10,6,14,6,0.85,0.5,0,0,0.001,0.001,0,70900,70800,190,30,37,0.0,0.0,0.0,0.0,11,47,0.0,0.0,0.0,0.0,2,50,0,600,0,56,0,0,0,0,0,0,0,0,0
33,2016-04-14 17:11:49.176,2254,100000,100,INSTITUTIONSHOMOPHILY,true,10,10,6,14,6,0.85,0.5,0,0,0.001,0.001,0,71000,70900,189,26,36,0.0,0.0,0.0,0.0,7,48,0.0,0.0,0.0,0.0,2,50,0,600,0,55,0,0,0,0,0,0,0,0,0
33,2016-04-14 17:11:49.176,2257,100000,100,INSTITUTIONSHOMOPHILY,true,10,10,6,14,6,0.85,0.5,0,0,0.001,0.001,0,71100,71000,181,27,36,0.0,0.0,0.0,0.0,7,46,0.0,0.0,0.0,0.0,2,50,0,600,0,58,0,0,0,0,0,0,0,0,0
33,2016-04-14 17:11:49.176,2262,100000,100,INSTITUTIONSHOMOPHILY,true,10,10,6,14,6,0.85,0.5,0,0,0.001,0.001,0,71200,71100,185,39,26,0.0,0.0,0.0,0.0,11,43,0.0,0.0,0.0,0.0,2,50,0,600,0,59,0,0,0,0,0,0,0,0,0
33,2016-04-14 17:11:49.176,2264,100000,100,INSTITUTIONSHOMOPHILY,true,10,10,6,14,6,0.85,0.5,0,0,0.001,0.001,0,71300,71200,183,35,18,0.0,0.0,0.0,0.0,13,43,0.0,0.0,0.0,0.0,2,50,0,600,0,56,0,0,0,0,0,0,0,0,0
33,2016-04-14 17:11:49.176,2267,100000,100,INSTITUTIONSHOMOPHILY,true,10,10,6,14,6,0.85,0.5,0,0,0.001,0.001,0,71400,71300,189,36,19,0.0,0.0,0.0,0.0,12,45,0.0,0.0,0.0,0.0,2,50,0,600,0,58,0,0,0,0,0,0,0,0,0
33,2016-04-14 17:11:49.176,2270,100000,100,INSTITUTIONSHOMOPHILY,true,10,10,6,14,6,0.85,0.5,0,0,0.001,0.001,0,71500,71400,180,33,25,0.0,0.0,0.0,0.0,12,43,0.0,0.0,0.0,0.0,2,50,0,600,0,55,0,0,0,0,0,0,0,0,0
33,2016-04-14 17:11:49.176,2272,100000,100,INSTITUTIONSHOMOPHILY,true,10,10,6,14,6,0.85,0.5,0,0,0.001,0.001,0,71600,71500,182,50,19,0.0,0.0,0.0,0.0,14,40,0.0,0.0,0.0,0.0,2,50,0,600,0,57,0,0,0,0,0,0,0,0,0
33,2016-04-14 17:11:49.176,2275,100000,100,INSTITUTIONSHOMOPHILY,true,10,10,6,14,6,0.85,0.5,0,0,0.001,0.001,0,71700,71600,184,27,34,0.0,0.0,0.0,0.0,8,46,0.0,0.0,0.0,0.0,2,50,0,600,0,56,0,0,0,0,0,0,0,0,0
33,2016-04-14 17:11:49.176,2280,100000,100,INSTITUTIONSHOMOPHILY,true,10,10,6,14,6,0.85,0.5,0,0,0.001,0.001,0,71800,71700,181,21,37,0.0,0.0,0.0,0.0,4,49,0.0,0.0,0.0,0.0,2,50,0,600,0,56,0,0,0,0,0,0,0,0,0
33,2016-04-14 17:11:49.176,2283,100000,100,INSTITUTIONSHOMOPHILY,true,10,10,6,14,6,0.85,0.5,0,0,0.001,0.001,0,71900,71800,184,30,24,0.0,0.0,0.0,0.0,9,46,0.0,0.0,0.0,0.0,2,50,0,600,0,55,0,0,0,0,0,0,0,0,0
33,2016-04-14 17:11:49.176,2285,100000,100,INSTITUTIONSHOMOPHILY,true,10,10,6,14,6,0.85,0.5,0,0,0.001,0.001,0,72000,71900,173,30,26,0.0,0.0,0.0,0.0,10,47,0.0,0.0,0.0,0.0,2,50,0,600,0,59,0,0,0,0,0,0,0,0,0
33,2016-04-14 17:11:49.176,2288,100000,100,INSTITUTIONSHOMOPHILY,true,10,10,6,14,6,0.85,0.5,0,0,0.001,0.001,0,72100,72000,194,37,16,0.0,0.0,0.0,0.0,9,44,0.0,0.0,0.0,0.0,2,50,0,600,0,57,0,0,0,0,0,0,0,0,0
33,2016-04-14 17:11:49.176,2337,100000,100,INSTITUTIONSHOMOPHILY,true,10,10,6,14,6,0.85,0.5,0,0,0.001,0.001,0,72200,72100,188,22,38,0.0,0.0,0.0,0.0,4,50,0.0,0.0,0.0,0.0,2,50,0,600,0,57,0,0,0,0,0,0,0,0,0
33,2016-04-14 17:11:49.176,2343,100000,100,INSTITUTIONSHOMOPHILY,true,10,10,6,14,6,0.85,0.5,0,0,0.001,0.001,0,72300,72200,187,25,36,0.0,0.0,0.0,0.0,7,48,0.0,0.0,0.0,0.0,2,50,0,600,0,57,0,0,0,0,0,0,0,0,0
33,2016-04-14 17:11:49.176,2347,100000,100,INSTITUTIONSHOMOPHILY,true,10,10,6,14,6,0.85,0.5,0,0,0.001,0.001,0,72400,72300,187,33,26,0.0,0.0,0.0,0.0,11,46,0.0,0.0,0.0,0.0,2,50,0,600,0,57,0,0,0,0,0,0,0,0,0
33,2016-04-14 17:11:49.176,2349,100000,100,INSTITUTIONSHOMOPHILY,true,10,10,6,14,6,0.85,0.5,0,0,0.001,0.001,0,72500,72400,187,23,26,0.0,0.0,0.0,0.0,6,48,0.0,0.0,0.0,0.0,2,50,0,600,0,58,0,0,0,0,0,0,0,0,0
33,2016-04-14 17:11:49.176,2352,100000,100,INSTITUTIONSHOMOPHILY,true,10,10,6,14,6,0.85,0.5,0,0,0.001,0.001,0,72600,72500,193,40,27,0.0,0.0,0.0,0.0,12,50,0.0,0.0,0.0,0.0,2,50,0,600,0,59,0,0,0,0,0,0,0,0,0
33,2016-04-14 17:11:49.176,2355,100000,100,INSTITUTIONSHOMOPHILY,true,10,10,6,14,6,0.85,0.5,0,0,0.001,0.001,0,72700,72600,175,39,17,0.0,0.0,0.0,0.0,10,43,0.0,0.0,0.0,0.0,2,50,0,600,0,57,0,0,0,0,0,0,0,0,0
33,2016-04-14 17:11:49.176,2357,100000,100,INSTITUTIONSHOMOPHILY,true,10,10,6,14,6,0.85,0.5,0,0,0.001,0.001,0,72800,72700,192,36,17,0.0,0.0,0.0,0.0,11,45,0.0,0.0,0.0,0.0,2,50,0,600,0,56,0,0,0,0,0,0,0,0,0
33,2016-04-14 17:11:49.176,2359,100000,100,INSTITUTIONSHOMOPHILY,true,10,10,6,14,6,0.85,0.5,0,0,0.001,0.001,0,72900,72800,186,23,26,0.0,0.0,0.0,0.0,5,49,0.0,0.0,0.0,0.0,2,50,0,600,0,59,0,0,0,0,0,0,0,0,0
33,2016-04-14 17:11:49.176,2363,100000,100,INSTITUTIONSHOMOPHILY,true,10,10,6,14,6,0.85,0.5,0,0,0.001,0.001,0,73000,72900,194,29,32,0.0,0.0,0.0,0.0,8,47,0.0,0.0,0.0,0.0,2,50,0,600,0,57,0,0,0,0,0,0,0,0,0
33,2016-04-14 17:11:49.176,2365,100000,100,INSTITUTIONSHOMOPHILY,true,10,10,6,14,6,0.85,0.5,0,0,0.001,0.001,0,73100,73000,186,34,32,0.0,0.0,0.0,0.0,13,47,0.0,0.0,0.0,0.0,2,50,0,600,0,57,0,0,0,0,0,0,0,0,0
33,2016-04-14 17:11:49.176,2368,100000,100,INSTITUTIONSHOMOPHILY,true,10,10,6,14,6,0.85,0.5,0,0,0.001,0.001,0,73200,73100,185,29,32,0.0,0.0,0.0,0.0,8,48,0.0,0.0,0.0,0.0,2,50,0,600,0,58,0,0,0,0,0,0,0,0,0
33,2016-04-14 17:11:49.176,2372,100000,100,INSTITUTIONSHOMOPHILY,true,10,10,6,14,6,0.85,0.5,0,0,0.001,0.001,0,73300,73200,176,35,25,0.0,0.0,0.0,0.0,10,49,0.0,0.0,0.0,0.0,2,50,0,600,0,55,0,0,0,0,0,0,0,0,0
33,2016-04-14 17:11:49.176,2375,100000,100,INSTITUTIONSHOMOPHILY,true,10,10,6,14,6,0.85,0.5,0,0,0.001,0.001,0,73400,73300,190,21,37,0.0,0.0,0.0,0.0,4,49,0.0,0.0,0.0,0.0,2,50,0,600,0,58,0,0,0,0,0,0,0,0,0
33,2016-04-14 17:11:49.176,2379,100000,100,INSTITUTIONSHOMOPHILY,true,10,10,6,14,6,0.85,0.5,0,0,0.001,0.001,0,73500,73400,181,32,26,0.0,0.0,0.0,0.0,10,45,0.0,0.0,0.0,0.0,2,50,0,600,0,56,0,0,0,0,0,0,0,0,0
33,2016-04-14 17:11:49.176,2382,100000,100,INSTITUTIONSHOMOPHILY,true,10,10,6,14,6,0.85,0.5,0,0,0.001,0.001,0,73600,73500,192,24,27,0.0,0.0,0.0,0.0,7,50,0.0,0.0,0.0,0.0,2,50,0,600,0,55,0,0,0,0,0,0,0,0,0
33,2016-04-14 17:11:49.176,2384,100000,100,INSTITUTIONSHOMOPHILY,true,10,10,6,14,6,0.85,0.5,0,0,0.001,0.001,0,73700,73600,182,25,27,0.0,0.0,0.0,0.0,5,49,0.0,0.0,0.0,0.0,2,50,0,600,0,57,0,0,0,0,0,0,0,0,0
33,2016-04-14 17:11:49.176,2387,100000,100,INSTITUTIONSHOMOPHILY,true,10,10,6,14,6,0.85,0.5,0,0,0.001,0.001,0,73800,73700,186,32,20,0.0,0.0,0.0,0.0,9,46,0.0,0.0,0.0,0.0,2,50,0,600,0,58,0,0,0,0,0,0,0,0,0
33,2016-04-14 17:11:49.176,2389,100000,100,INSTITUTIONSHOMOPHILY,true,10,10,6,14,6,0.85,0.5,0,0,0.001,0.001,0,73900,73800,170,39,12,0.0,0.0,0.0,0.0,12,43,0.0,0.0,0.0,0.0,2,50,0,600,0,57,0,0,0,0,0,0,0,0,0
33,2016-04-14 17:11:49.176,2392,100000,100,INSTITUTIONSHOMOPHILY,true,10,10,6,14,6,0.85,0.5,0,0,0.001,0.001,0,74000,73900,190,44,17,0.0,0.0,0.0,0.0,12,42,0.0,0.0,0.0,0.0,2,50,0,600,0,60,0,0,0,0,0,0,0,0,0
33,2016-04-14 17:11:49.176,2395,100000,100,INSTITUTIONSHOMOPHILY,true,10,10,6,14,6,0.85,0.5,0,0,0.001,0.001,0,74100,74000,189,37,16,0.0,0.0,0.0,0.0,12,43,0.0,0.0,0.0,0.0,2,50,0,600,0,56,0,0,0,0,0,0,0,0,0
33,2016-04-14 17:11:49.176,2397,100000,100,INSTITUTIONSHOMOPHILY,true,10,10,6,14,6,0.85,0.5,0,0,0.001,0.001,0,74200,74100,192,36,18,0.0,0.0,0.0,0.0,14,46,0.0,0.0,0.0,0.0,2,50,0,600,0,56,0,0,0,0,0,0,0,0,0
33,2016-04-14 17:11:49.176,2400,100000,100,INSTITUTIONSHOMOPHILY,true,10,10,6,14,6,0.85,0.5,0,0,0.001,0.001,0,74300,74200,183,34,21,0.0,0.0,0.0,0.0,12,44,0.0,0.0,0.0,0.0,2,50,0,600,0,57,0,0,0,0,0,0,0,0,0
33,2016-04-14 17:11:49.176,2403,100000,100,INSTITUTIONSHOMOPHILY,true,10,10,6,14,6,0.85,0.5,0,0,0.001,0.001,0,74400,74300,195,31,27,0.0,0.0,0.0,0.0,9,48,0.0,0.0,0.0,0.0,2,50,0,600,0,55,0,0,0,0,0,0,0,0,0
33,2016-04-14 17:11:49.176,2406,100000,100,INSTITUTIONSHOMOPHILY,true,10,10,6,14,6,0.85,0.5,0,0,0.001,0.001,0,74500,74400,187,33,23,0.0,0.0,0.0,0.0,11,45,0.0,0.0,0.0,0.0,2,50,0,600,0,58,0,0,0,0,0,0,0,0,0
33,2016-04-14 17:11:49.176,2408,100000,100,INSTITUTIONSHOMOPHILY,true,10,10,6,14,6,0.85,0.5,0,0,0.001,0.001,0,74600,74500,186,35,23,0.0,0.0,0.0,0.0,13,44,0.0,0.0,0.0,0.0,2,50,0,600,0,59,0,0,0,0,0,0,0,0,0
33,2016-04-14 17:11:49.176,2419,100000,100,INSTITUTIONSHOMOPHILY,true,10,10,6,14,6,0.85,0.5,0,0,0.001,0.001,0,74700,74600,181,32,30,0.0,0.0,0.0,0.0,13,47,0.0,0.0,0.0,0.0,2,50,0,600,0,58,0,0,0,0,0,0,0,0,0
33,2016-04-14 17:11:49.176,2422,100000,100,INSTITUTIONSHOMOPHILY,true,10,10,6,14,6,0.85,0.5,0,0,0.001,0.001,0,74800,74700,189,24,27,0.0,0.0,0.0,0.0,8,49,0.0,0.0,0.0,0.0,2,50,0,600,0,57,0,0,0,0,0,0,0,0,0
33,2016-04-14 17:11:49.176,2424,100000,100,INSTITUTIONSHOMOPHILY,true,10,10,6,14,6,0.85,0.5,0,0,0.001,0.001,0,74900,74800,192,40,22,0.0,0.0,0.0,0.0,12,43,0.0,0.0,0.0,0.0,2,50,0,600,0,54,0,0,0,0,0,0,0,0,0
33,2016-04-14 17:11:49.176,2428,100000,100,INSTITUTIONSHOMOPHILY,true,10,10,6,14,6,0.85,0.5,0,0,0.001,0.001,0,75000,74900,189,29,36,0.0,0.0,0.0,0.0,10,46,0.0,0.0,0.0,0.0,2,50,0,600,0,58,0,0,0,0,0,0,0,0,0
33,2016-04-14 17:11:49.176,2431,100000,100,INSTITUTIONSHOMOPHILY,true,10,10,6,14,6,0.85,0.5,0,0,0.001,0.001,0,75100,75000,186,37,29,0.0,0.0,0.0,0.0,14,43,0.0,0.0,0.0,0.0,2,50,0,600,0,57,0,0,0,0,0,0,0,0,0
33,2016-04-14 17:11:49.176,2433,100000,100,INSTITUTIONSHOMOPHILY,true,10,10,6,14,6,0.85,0.5,0,0,0.001,0.001,0,75200,75100,188,24,24,0.0,0.0,0.0,0.0,5,49,0.0,0.0,0.0,0.0,2,50,0,600,0,56,0,0,0,0,0,0,0,0,0
33,2016-04-14 17:11:49.176,2436,100000,100,INSTITUTIONSHOMOPHILY,true,10,10,6,14,6,0.85,0.5,0,0,0.001,0.001,0,75300,75200,183,29,25,0.0,0.0,0.0,0.0,11,47,0.0,0.0,0.0,0.0,2,50,0,600,0,56,0,0,0,0,0,0,0,0,0
33,2016-04-14 17:11:49.176,2439,100000,100,INSTITUTIONSHOMOPHILY,true,10,10,6,14,6,0.85,0.5,0,0,0.001,0.001,0,75400,75300,185,28,27,0.0,0.0,0.0,0.0,9,48,0.0,0.0,0.0,0.0,2,50,0,600,0,57,0,0,0,0,0,0,0,0,0
33,2016-04-14 17:11:49.176,2441,100000,100,INSTITUTIONSHOMOPHILY,true,10,10,6,14,6,0.85,0.5,0,0,0.001,0.001,0,75500,75400,185,34,29,0.0,0.0,0.0,0.0,10,44,0.0,0.0,0.0,0.0,2,50,0,600,0,52,0,0,0,0,0,0,0,0,0
33,2016-04-14 17:11:49.176,2456,100000,100,INSTITUTIONSHOMOPHILY,true,10,10,6,14,6,0.85,0.5,0,0,0.001,0.001,0,75600,75500,182,34,25,0.0,0.0,0.0,0.0,10,44,0.0,0.0,0.0,0.0,2,50,0,600,0,58,0,0,0,0,0,0,0,0,0
33,2016-04-14 17:11:49.176,2459,100000,100,INSTITUTIONSHOMOPHILY,true,10,10,6,14,6,0.85,0.5,0,0,0.001,0.001,0,75700,75600,191,29,24,0.0,0.0,0.0,0.0,8,48,0.0,0.0,0.0,0.0,2,50,0,600,0,58,0,0,0,0,0,0,0,0,0
33,2016-04-14 17:11:49.176,2461,100000,100,INSTITUTIONSHOMOPHILY,true,10,10,6,14,6,0.85,0.5,0,0,0.001,0.001,0,75800,75700,188,35,21,0.0,0.0,0.0,0.0,11,46,0.0,0.0,0.0,0.0,2,50,0,600,0,59,0,0,0,0,0,0,0,0,0
33,2016-04-14 17:11:49.176,2465,100000,100,INSTITUTIONSHOMOPHILY,true,10,10,6,14,6,0.85,0.5,0,0,0.001,0.001,0,75900,75800,197,39,24,0.0,0.0,0.0,0.0,13,44,0.0,0.0,0.0,0.0,2,50,0,600,0,60,0,0,0,0,0,0,0,0,0
33,2016-04-14 17:11:49.176,2468,100000,100,INSTITUTIONSHOMOPHILY,true,10,10,6,14,6,0.85,0.5,0,0,0.001,0.001,0,76000,75900,180,34,19,0.0,0.0,0.0,0.0,9,45,0.0,0.0,0.0,0.0,2,50,0,600,0,55,0,0,0,0,0,0,0,0,0
33,2016-04-14 17:11:49.176,2471,100000,100,INSTITUTIONSHOMOPHILY,true,10,10,6,14,6,0.85,0.5,0,0,0.001,0.001,0,76100,76000,180,35,23,0.0,0.0,0.0,0.0,11,44,0.0,0.0,0.0,0.0,2,50,0,600,0,57,0,0,0,0,0,0,0,0,0
33,2016-04-14 17:11:49.176,2473,100000,100,INSTITUTIONSHOMOPHILY,true,10,10,6,14,6,0.85,0.5,0,0,0.001,0.001,0,76200,76100,185,32,32,0.0,0.0,0.0,0.0,13,47,0.0,0.0,0.0,0.0,2,50,0,600,0,57,0,0,0,0,0,0,0,0,0
33,2016-04-14 17:11:49.176,2476,100000,100,INSTITUTIONSHOMOPHILY,true,10,10,6,14,6,0.85,0.5,0,0,0.001,0.001,0,76300,76200,195,38,31,0.0,0.0,0.0,0.0,10,46,0.0,0.0,0.0,0.0,2,50,0,600,0,58,0,0,0,0,0,0,0,0,0
33,2016-04-14 17:11:49.176,2479,100000,100,INSTITUTIONSHOMOPHILY,true,10,10,6,14,6,0.85,0.5,0,0,0.001,0.001,0,76400,76300,188,43,17,0.0,0.0,0.0,0.0,16,43,0.0,0.0,0.0,0.0,2,50,0,600,0,55,0,0,0,0,0,0,0,0,0
33,2016-04-14 17:11:49.176,2481,100000,100,INSTITUTIONSHOMOPHILY,true,10,10,6,14,6,0.85,0.5,0,0,0.001,0.001,0,76500,76400,200,33,25,0.0,0.0,0.0,0.0,13,44,0.0,0.0,0.0,0.0,2,50,0,600,0,55,0,0,0,0,0,0,0,0,0
33,2016-04-14 17:11:49.176,2484,100000,100,INSTITUTIONSHOMOPHILY,true,10,10,6,14,6,0.85,0.5,0,0,0.001,0.001,0,76600,76500,185,25,27,0.0,0.0,0.0,0.0,7,47,0.0,0.0,0.0,0.0,2,50,0,600,0,56,0,0,0,0,0,0,0,0,0
33,2016-04-14 17:11:49.176,2487,100000,100,INSTITUTIONSHOMOPHILY,true,10,10,6,14,6,0.85,0.5,0,0,0.001,0.001,0,76700,76600,176,36,12,0.0,0.0,0.0,0.0,13,44,0.0,0.0,0.0,0.0,2,50,0,600,0,57,0,0,0,0,0,0,0,0,0
33,2016-04-14 17:11:49.176,2490,100000,100,INSTITUTIONSHOMOPHILY,true,10,10,6,14,6,0.85,0.5,0,0,0.001,0.001,0,76800,76700,183,29,26,0.0,0.0,0.0,0.0,8,46,0.0,0.0,0.0,0.0,2,50,0,600,0,55,0,0,0,0,0,0,0,0,0
33,2016-04-14 17:11:49.176,2492,100000,100,INSTITUTIONSHOMOPHILY,true,10,10,6,14,6,0.85,0.5,0,0,0.001,0.001,0,76900,76800,194,34,30,0.0,0.0,0.0,0.0,9,45,0.0,0.0,0.0,0.0,2,50,0,600,0,59,0,0,0,0,0,0,0,0,0
33,2016-04-14 17:11:49.176,2495,100000,100,INSTITUTIONSHOMOPHILY,true,10,10,6,14,6,0.85,0.5,0,0,0.001,0.001,0,77000,76900,189,37,19,0.0,0.0,0.0,0.0,9,45,0.0,0.0,0.0,0.0,2,50,0,600,0,59,0,0,0,0,0,0,0,0,0
33,2016-04-14 17:11:49.176,2498,100000,100,INSTITUTIONSHOMOPHILY,true,10,10,6,14,6,0.85,0.5,0,0,0.001,0.001,0,77100,77000,176,37,19,0.0,0.0,0.0,0.0,13,43,0.0,0.0,0.0,0.0,2,50,0,600,0,57,0,0,0,0,0,0,0,0,0
33,2016-04-14 17:11:49.176,2500,100000,100,INSTITUTIONSHOMOPHILY,true,10,10,6,14,6,0.85,0.5,0,0,0.001,0.001,0,77200,77100,181,31,27,0.0,0.0,0.0,0.0,11,46,0.0,0.0,0.0,0.0,2,50,0,600,0,56,0,0,0,0,0,0,0,0,0
33,2016-04-14 17:11:49.176,2504,100000,100,INSTITUTIONSHOMOPHILY,true,10,10,6,14,6,0.85,0.5,0,0,0.001,0.001,0,77300,77200,178,35,21,0.0,0.0,0.0,0.0,12,44,0.0,0.0,0.0,0.0,2,50,0,600,0,59,0,0,0,0,0,0,0,0,0
33,2016-04-14 17:11:49.176,2506,100000,100,INSTITUTIONSHOMOPHILY,true,10,10,6,14,6,0.85,0.5,0,0,0.001,0.001,0,77400,77300,177,28,28,0.0,0.0,0.0,0.0,8,46,0.0,0.0,0.0,0.0,2,50,0,600,0,57,0,0,0,0,0,0,0,0,0
33,2016-04-14 17:11:49.176,2509,100000,100,INSTITUTIONSHOMOPHILY,true,10,10,6,14,6,0.85,0.5,0,0,0.001,0.001,0,77500,77400,183,39,25,0.0,0.0,0.0,0.0,15,45,0.0,0.0,0.0,0.0,2,50,0,600,0,57,0,0,0,0,0,0,0,0,0
33,2016-04-14 17:11:49.176,2512,100000,100,INSTITUTIONSHOMOPHILY,true,10,10,6,14,6,0.85,0.5,0,0,0.001,0.001,0,77600,77500,187,38,27,0.0,0.0,0.0,0.0,12,42,0.0,0.0,0.0,0.0,2,50,0,600,0,59,0,0,0,0,0,0,0,0,0
33,2016-04-14 17:11:49.176,2514,100000,100,INSTITUTIONSHOMOPHILY,true,10,10,6,14,6,0.85,0.5,0,0,0.001,0.001,0,77700,77600,195,27,26,0.0,0.0,0.0,0.0,7,49,0.0,0.0,0.0,0.0,2,50,0,600,0,59,0,0,0,0,0,0,0,0,0
33,2016-04-14 17:11:49.176,2517,100000,100,INSTITUTIONSHOMOPHILY,true,10,10,6,14,6,0.85,0.5,0,0,0.001,0.001,0,77800,77700,190,31,26,0.0,0.0,0.0,0.0,9,47,0.0,0.0,0.0,0.0,2,50,0,600,0,57,0,0,0,0,0,0,0,0,0
33,2016-04-14 17:11:49.176,2519,100000,100,INSTITUTIONSHOMOPHILY,true,10,10,6,14,6,0.85,0.5,0,0,0.001,0.001,0,77900,77800,187,32,26,0.0,0.0,0.0,0.0,10,48,0.0,0.0,0.0,0.0,2,50,0,600,0,57,0,0,0,0,0,0,0,0,0
33,2016-04-14 17:11:49.176,2522,100000,100,INSTITUTIONSHOMOPHILY,true,10,10,6,14,6,0.85,0.5,0,0,0.001,0.001,0,78000,77900,195,35,22,0.0,0.0,0.0,0.0,8,47,0.0,0.0,0.0,0.0,2,50,0,600,0,55,0,0,0,0,0,0,0,0,0
33,2016-04-14 17:11:49.176,2525,100000,100,INSTITUTIONSHOMOPHILY,true,10,10,6,14,6,0.85,0.5,0,0,0.001,0.001,0,78100,78000,186,43,17,0.0,0.0,0.0,0.0,14,45,0.0,0.0,0.0,0.0,2,50,0,600,0,61,0,0,0,0,0,0,0,0,0
33,2016-04-14 17:11:49.176,2529,100000,100,INSTITUTIONSHOMOPHILY,true,10,10,6,14,6,0.85,0.5,0,0,0.001,0.001,0,78200,78100,187,40,16,0.0,0.0,0.0,0.0,13,44,0.0,0.0,0.0,0.0,2,50,0,600,0,56,0,0,0,0,0,0,0,0,0
33,2016-04-14 17:11:49.176,2539,100000,100,INSTITUTIONSHOMOPHILY,true,10,10,6,14,6,0.85,0.5,0,0,0.001,0.001,0,78300,78200,190,27,32,0.0,0.0,0.0,0.0,7,49,0.0,0.0,0.0,0.0,2,50,0,600,0,56,0,0,0,0,0,0,0,0,0
33,2016-04-14 17:11:49.176,2541,100000,100,INSTITUTIONSHOMOPHILY,true,10,10,6,14,6,0.85,0.5,0,0,0.001,0.001,0,78400,78300,163,33,36,0.0,0.0,0.0,0.0,11,44,0.0,0.0,0.0,0.0,2,50,0,600,0,59,0,0,0,0,0,0,0,0,0
33,2016-04-14 17:11:49.176,2545,100000,100,INSTITUTIONSHOMOPHILY,true,10,10,6,14,6,0.85,0.5,0,0,0.001,0.001,0,78500,78400,170,32,26,0.0,0.0,0.0,0.0,12,44,0.0,0.0,0.0,0.0,2,50,0,600,0,54,0,0,0,0,0,0,0,0,0
33,2016-04-14 17:11:49.176,2548,100000,100,INSTITUTIONSHOMOPHILY,true,10,10,6,14,6,0.85,0.5,0,0,0.001,0.001,0,78600,78500,179,24,26,0.0,0.0,0.0,0.0,9,48,0.0,0.0,0.0,0.0,2,50,0,600,0,59,0,0,0,0,0,0,0,0,0
33,2016-04-14 17:11:49.176,2551,100000,100,INSTITUTIONSHOMOPHILY,true,10,10,6,14,6,0.85,0.5,0,0,0.001,0.001,0,78700,78600,179,24,38,0.0,0.0,0.0,0.0,8,50,0.0,0.0,0.0,0.0,2,50,0,600,0,57,0,0,0,0,0,0,0,0,0
33,2016-04-14 17:11:49.176,2553,100000,100,INSTITUTIONSHOMOPHILY,true,10,10,6,14,6,0.85,0.5,0,0,0.001,0.001,0,78800,78700,181,31,32,0.0,0.0,0.0,0.0,10,46,0.0,0.0,0.0,0.0,2,50,0,600,0,59,0,0,0,0,0,0,0,0,0
33,2016-04-14 17:11:49.176,2556,100000,100,INSTITUTIONSHOMOPHILY,true,10,10,6,14,6,0.85,0.5,0,0,0.001,0.001,0,78900,78800,199,46,23,0.0,0.0,0.0,0.0,13,43,0.0,0.0,0.0,0.0,2,50,0,600,0,60,0,0,0,0,0,0,0,0,0
33,2016-04-14 17:11:49.176,2559,100000,100,INSTITUTIONSHOMOPHILY,true,10,10,6,14,6,0.85,0.5,0,0,0.001,0.001,0,79000,78900,195,32,23,0.0,0.0,0.0,0.0,10,46,0.0,0.0,0.0,0.0,2,50,0,600,0,57,0,0,0,0,0,0,0,0,0
33,2016-04-14 17:11:49.176,2561,100000,100,INSTITUTIONSHOMOPHILY,true,10,10,6,14,6,0.85,0.5,0,0,0.001,0.001,0,79100,79000,196,44,18,0.0,0.0,0.0,0.0,14,43,0.0,0.0,0.0,0.0,2,50,0,600,0,57,0,0,0,0,0,0,0,0,0
33,2016-04-14 17:11:49.176,2564,100000,100,INSTITUTIONSHOMOPHILY,true,10,10,6,14,6,0.85,0.5,0,0,0.001,0.001,0,79200,79100,181,30,27,0.0,0.0,0.0,0.0,8,47,0.0,0.0,0.0,0.0,2,50,0,600,0,56,0,0,0,0,0,0,0,0,0
33,2016-04-14 17:11:49.176,2566,100000,100,INSTITUTIONSHOMOPHILY,true,10,10,6,14,6,0.85,0.5,0,0,0.001,0.001,0,79300,79200,189,32,16,0.0,0.0,0.0,0.0,8,48,0.0,0.0,0.0,0.0,2,50,0,600,0,58,0,0,0,0,0,0,0,0,0
33,2016-04-14 17:11:49.176,2570,100000,100,INSTITUTIONSHOMOPHILY,true,10,10,6,14,6,0.85,0.5,0,0,0.001,0.001,0,79400,79300,186,37,26,0.0,0.0,0.0,0.0,13,45,0.0,0.0,0.0,0.0,2,50,0,600,0,55,0,0,0,0,0,0,0,0,0
33,2016-04-14 17:11:49.176,2573,100000,100,INSTITUTIONSHOMOPHILY,true,10,10,6,14,6,0.85,0.5,0,0,0.001,0.001,0,79500,79400,186,26,35,0.0,0.0,0.0,0.0,10,46,0.0,0.0,0.0,0.0,2,50,0,600,0,57,0,0,0,0,0,0,0,0,0
33,2016-04-14 17:11:49.176,2575,100000,100,INSTITUTIONSHOMOPHILY,true,10,10,6,14,6,0.85,0.5,0,0,0.001,0.001,0,79600,79500,196,39,13,0.0,0.0,0.0,0.0,10,45,0.0,0.0,0.0,0.0,2,50,0,600,0,56,0,0,0,0,0,0,0,0,0
33,2016-04-14 17:11:49.176,2580,100000,100,INSTITUTIONSHOMOPHILY,true,10,10,6,14,6,0.85,0.5,0,0,0.001,0.001,0,79700,79600,183,29,29,0.0,0.0,0.0,0.0,13,44,0.0,0.0,0.0,0.0,2,50,0,600,0,57,0,0,0,0,0,0,0,0,0
33,2016-04-14 17:11:49.176,2583,100000,100,INSTITUTIONSHOMOPHILY,true,10,10,6,14,6,0.85,0.5,0,0,0.001,0.001,0,79800,79700,199,37,22,0.0,0.0,0.0,0.0,10,48,0.0,0.0,0.0,0.0,2,50,0,600,0,57,0,0,0,0,0,0,0,0,0
33,2016-04-14 17:11:49.176,2585,100000,100,INSTITUTIONSHOMOPHILY,true,10,10,6,14,6,0.85,0.5,0,0,0.001,0.001,0,79900,79800,188,29,34,0.0,0.0,0.0,0.0,9,49,0.0,0.0,0.0,0.0,2,50,0,600,0,56,0,0,0,0,0,0,0,0,0
33,2016-04-14 17:11:49.176,2588,100000,100,INSTITUTIONSHOMOPHILY,true,10,10,6,14,6,0.85,0.5,0,0,0.001,0.001,0,80000,79900,186,27,28,0.0,0.0,0.0,0.0,8,47,0.0,0.0,0.0,0.0,2,50,0,600,0,57,0,0,0,0,0,0,0,0,0
33,2016-04-14 17:11:49.176,2590,100000,100,INSTITUTIONSHOMOPHILY,true,10,10,6,14,6,0.85,0.5,0,0,0.001,0.001,0,80100,80000,190,35,13,0.0,0.0,0.0,0.0,9,45,0.0,0.0,0.0,0.0,2,50,0,600,0,58,0,0,0,0,0,0,0,0,0
33,2016-04-14 17:11:49.176,2598,100000,100,INSTITUTIONSHOMOPHILY,true,10,10,6,14,6,0.85,0.5,0,0,0.001,0.001,0,80200,80100,195,34,21,0.0,0.0,0.0,0.0,11,46,0.0,0.0,0.0,0.0,2,50,0,600,0,60,0,0,0,0,0,0,0,0,0
33,2016-04-14 17:11:49.176,2602,100000,100,INSTITUTIONSHOMOPHILY,true,10,10,6,14,6,0.85,0.5,0,0,0.001,0.001,0,80300,80200,195,34,25,0.0,0.0,0.0,0.0,10,45,0.0,0.0,0.0,0.0,2,50,0,600,0,60,0,0,0,0,0,0,0,0,0
33,2016-04-14 17:11:49.176,2604,100000,100,INSTITUTIONSHOMOPHILY,true,10,10,6,14,6,0.85,0.5,0,0,0.001,0.001,0,80400,80300,173,29,23,0.0,0.0,0.0,0.0,10,45,0.0,0.0,0.0,0.0,2,50,0,600,0,57,0,0,0,0,0,0,0,0,0
33,2016-04-14 17:11:49.176,2607,100000,100,INSTITUTIONSHOMOPHILY,true,10,10,6,14,6,0.85,0.5,0,0,0.001,0.001,0,80500,80400,186,32,24,0.0,0.0,0.0,0.0,10,46,0.0,0.0,0.0,0.0,2,50,0,600,0,58,0,0,0,0,0,0,0,0,0
33,2016-04-14 17:11:49.176,2610,100000,100,INSTITUTIONSHOMOPHILY,true,10,10,6,14,6,0.85,0.5,0,0,0.001,0.001,0,80600,80500,185,37,14,0.0,0.0,0.0,0.0,8,45,0.0,0.0,0.0,0.0,2,50,0,600,0,59,0,0,0,0,0,0,0,0,0
33,2016-04-14 17:11:49.176,2612,100000,100,INSTITUTIONSHOMOPHILY,true,10,10,6,14,6,0.85,0.5,0,0,0.001,0.001,0,80700,80600,192,25,26,0.0,0.0,0.0,0.0,7,49,0.0,0.0,0.0,0.0,2,50,0,600,0,57,0,0,0,0,0,0,0,0,0
33,2016-04-14 17:11:49.176,2622,100000,100,INSTITUTIONSHOMOPHILY,true,10,10,6,14,6,0.85,0.5,0,0,0.001,0.001,0,80800,80700,179,32,25,0.0,0.0,0.0,0.0,11,46,0.0,0.0,0.0,0.0,2,50,0,600,0,55,0,0,0,0,0,0,0,0,0
33,2016-04-14 17:11:49.176,2624,100000,100,INSTITUTIONSHOMOPHILY,true,10,10,6,14,6,0.85,0.5,0,0,0.001,0.001,0,80900,80800,178,32,33,0.0,0.0,0.0,0.0,10,48,0.0,0.0,0.0,0.0,2,50,0,600,0,55,0,0,0,0,0,0,0,0,0
33,2016-04-14 17:11:49.176,2627,100000,100,INSTITUTIONSHOMOPHILY,true,10,10,6,14,6,0.85,0.5,0,0,0.001,0.001,0,81000,80900,190,40,25,0.0,0.0,0.0,0.0,14,44,0.0,0.0,0.0,0.0,2,50,0,600,0,58,0,0,0,0,0,0,0,0,0
33,2016-04-14 17:11:49.176,2630,100000,100,INSTITUTIONSHOMOPHILY,true,10,10,6,14,6,0.85,0.5,0,0,0.001,0.001,0,81100,81000,194,28,26,0.0,0.0,0.0,0.0,9,47,0.0,0.0,0.0,0.0,2,50,0,600,0,58,0,0,0,0,0,0,0,0,0
33,2016-04-14 17:11:49.176,2632,100000,100,INSTITUTIONSHOMOPHILY,true,10,10,6,14,6,0.85,0.5,0,0,0.001,0.001,0,81200,81100,185,32,24,0.0,0.0,0.0,0.0,11,46,0.0,0.0,0.0,0.0,2,50,0,600,0,57,0,0,0,0,0,0,0,0,0
33,2016-04-14 17:11:49.176,2635,100000,100,INSTITUTIONSHOMOPHILY,true,10,10,6,14,6,0.85,0.5,0,0,0.001,0.001,0,81300,81200,177,26,21,0.0,0.0,0.0,0.0,9,47,0.0,0.0,0.0,0.0,2,50,0,600,0,55,0,0,0,0,0,0,0,0,0
33,2016-04-14 17:11:49.176,2637,100000,100,INSTITUTIONSHOMOPHILY,true,10,10,6,14,6,0.85,0.5,0,0,0.001,0.001,0,81400,81300,187,22,37,0.0,0.0,0.0,0.0,6,48,0.0,0.0,0.0,0.0,2,50,0,600,0,58,0,0,0,0,0,0,0,0,0
33,2016-04-14 17:11:49.176,2640,100000,100,INSTITUTIONSHOMOPHILY,true,10,10,6,14,6,0.85,0.5,0,0,0.001,0.001,0,81500,81400,179,29,32,0.0,0.0,0.0,0.0,11,49,0.0,0.0,0.0,0.0,2,51,0,600,0,54,0,0,0,0,0,0,0,0,0
33,2016-04-14 17:11:49.176,2644,100000,100,INSTITUTIONSHOMOPHILY,true,10,10,6,14,6,0.85,0.5,0,0,0.001,0.001,0,81600,81500,165,27,31,0.0,0.0,0.0,0.0,9,45,0.0,0.0,0.0,0.0,2,52,0,600,0,55,0,0,0,0,0,0,0,0,0
33,2016-04-14 17:11:49.176,2647,100000,100,INSTITUTIONSHOMOPHILY,true,10,10,6,14,6,0.85,0.5,0,0,0.001,0.001,0,81700,81600,174,22,39,0.0,0.0,0.0,0.0,10,46,0.0,0.0,0.0,0.0,2,52,0,600,0,59,0,0,0,0,0,0,0,0,0
33,2016-04-14 17:11:49.176,2650,100000,100,INSTITUTIONSHOMOPHILY,true,10,10,6,14,6,0.85,0.5,0,0,0.001,0.001,0,81800,81700,178,43,22,0.0,0.0,0.0,0.0,11,44,0.0,0.0,0.0,0.0,2,52,0,600,0,54,0,0,0,0,0,0,0,0,0
33,2016-04-14 17:11:49.176,2652,100000,100,INSTITUTIONSHOMOPHILY,true,10,10,6,14,6,0.85,0.5,0,0,0.001,0.001,0,81900,81800,179,26,30,0.0,0.0,0.0,0.0,7,48,0.0,0.0,0.0,0.0,2,52,0,600,0,56,0,0,0,0,0,0,0,0,0
33,2016-04-14 17:11:49.176,2655,100000,100,INSTITUTIONSHOMOPHILY,true,10,10,6,14,6,0.85,0.5,0,0,0.001,0.001,0,82000,81900,182,26,29,0.0,0.0,0.0,0.0,8,46,0.0,0.0,0.0,0.0,2,52,0,600,0,56,0,0,0,0,0,0,0,0,0
33,2016-04-14 17:11:49.176,2657,100000,100,INSTITUTIONSHOMOPHILY,true,10,10,6,14,6,0.85,0.5,0,0,0.001,0.001,0,82100,82000,168,33,32,0.0,0.0,0.0,0.0,12,49,0.0,0.0,0.0,0.0,2,52,0,600,0,58,0,0,0,0,0,0,0,0,0
33,2016-04-14 17:11:49.176,2661,100000,100,INSTITUTIONSHOMOPHILY,true,10,10,6,14,6,0.85,0.5,0,0,0.001,0.001,0,82200,82100,182,27,26,0.0,0.0,0.0,0.0,7,47,0.0,0.0,0.0,0.0,2,52,0,600,0,57,0,0,0,0,0,0,0,0,0
33,2016-04-14 17:11:49.176,2663,100000,100,INSTITUTIONSHOMOPHILY,true,10,10,6,14,6,0.85,0.5,0,0,0.001,0.001,0,82300,82200,179,27,32,0.0,0.0,0.0,0.0,8,48,0.0,0.0,0.0,0.0,2,52,0,600,0,58,0,0,0,0,0,0,0,0,0
33,2016-04-14 17:11:49.176,2666,100000,100,INSTITUTIONSHOMOPHILY,true,10,10,6,14,6,0.85,0.5,0,0,0.001,0.001,0,82400,82300,171,33,31,0.0,0.0,0.0,0.0,12,45,0.0,0.0,0.0,0.0,2,52,0,600,0,60,0,0,0,0,0,0,0,0,0
33,2016-04-14 17:11:49.176,2669,100000,100,INSTITUTIONSHOMOPHILY,true,10,10,6,14,6,0.85,0.5,0,0,0.001,0.001,0,82500,82400,178,37,29,0.0,0.0,0.0,0.0,11,45,0.0,0.0,0.0,0.0,2,52,0,600,0,58,0,0,0,0,0,0,0,0,0
33,2016-04-14 17:11:49.176,2671,100000,100,INSTITUTIONSHOMOPHILY,true,10,10,6,14,6,0.85,0.5,0,0,0.001,0.001,0,82600,82500,178,27,30,0.0,0.0,0.0,0.0,7,47,0.0,0.0,0.0,0.0,2,52,0,600,0,56,0,0,0,0,0,0,0,0,0
33,2016-04-14 17:11:49.176,2674,100000,100,INSTITUTIONSHOMOPHILY,true,10,10,6,14,6,0.85,0.5,0,0,0.001,0.001,0,82700,82600,174,34,28,0.0,0.0,0.0,0.0,10,46,0.0,0.0,0.0,0.0,2,52,0,600,0,54,0,0,0,0,0,0,0,0,0
33,2016-04-14 17:11:49.176,2676,100000,100,INSTITUTIONSHOMOPHILY,true,10,10,6,14,6,0.85,0.5,0,0,0.001,0.001,0,82800,82700,168,24,33,0.0,0.0,0.0,0.0,9,47,0.0,0.0,0.0,0.0,2,52,0,600,0,55,0,0,0,0,0,0,0,0,0
33,2016-04-14 17:11:49.176,2679,100000,100,INSTITUTIONSHOMOPHILY,true,10,10,6,14,6,0.85,0.5,0,0,0.001,0.001,0,82900,82800,167,35,26,0.0,0.0,0.0,0.0,15,45,0.0,0.0,0.0,0.0,2,52,0,600,0,57,0,0,0,0,0,0,0,0,0
33,2016-04-14 17:11:49.176,2681,100000,100,INSTITUTIONSHOMOPHILY,true,10,10,6,14,6,0.85,0.5,0,0,0.001,0.001,0,83000,82900,179,40,21,0.0,0.0,0.0,0.0,14,48,0.0,0.0,0.0,0.0,2,52,0,600,0,53,0,0,0,0,0,0,0,0,0
33,2016-04-14 17:11:49.176,2684,100000,100,INSTITUTIONSHOMOPHILY,true,10,10,6,14,6,0.85,0.5,0,0,0.001,0.001,0,83100,83000,181,35,28,0.0,0.0,0.0,0.0,9,46,0.0,0.0,0.0,0.0,2,52,0,600,0,55,0,0,0,0,0,0,0,0,0
33,2016-04-14 17:11:49.176,2686,100000,100,INSTITUTIONSHOMOPHILY,true,10,10,6,14,6,0.85,0.5,0,0,0.001,0.001,0,83200,83100,172,28,34,0.0,0.0,0.0,0.0,12,48,0.0,0.0,0.0,0.0,2,52,0,600,0,55,0,0,0,0,0,0,0,0,0
33,2016-04-14 17:11:49.176,2690,100000,100,INSTITUTIONSHOMOPHILY,true,10,10,6,14,6,0.85,0.5,0,0,0.001,0.001,0,83300,83200,175,31,30,0.0,0.0,0.0,0.0,10,49,0.0,0.0,0.0,0.0,2,52,0,600,0,58,0,0,0,0,0,0,0,0,0
33,2016-04-14 17:11:49.176,2693,100000,100,INSTITUTIONSHOMOPHILY,true,10,10,6,14,6,0.85,0.5,0,0,0.001,0.001,0,83400,83300,171,32,32,0.0,0.0,0.0,0.0,10,44,0.0,0.0,0.0,0.0,2,52,0,600,0,59,0,0,0,0,0,0,0,0,0
33,2016-04-14 17:11:49.176,2695,100000,100,INSTITUTIONSHOMOPHILY,true,10,10,6,14,6,0.85,0.5,0,0,0.001,0.001,0,83500,83400,176,23,38,0.0,0.0,0.0,0.0,8,47,0.0,0.0,0.0,0.0,2,52,0,600,0,58,0,0,0,0,0,0,0,0,0
33,2016-04-14 17:11:49.176,2698,100000,100,INSTITUTIONSHOMOPHILY,true,10,10,6,14,6,0.85,0.5,0,0,0.001,0.001,0,83600,83500,180,21,38,0.0,0.0,0.0,0.0,5,49,0.0,0.0,0.0,0.0,2,52,0,600,0,56,0,0,0,0,0,0,0,0,0
33,2016-04-14 17:11:49.176,2701,100000,100,INSTITUTIONSHOMOPHILY,true,10,10,6,14,6,0.85,0.5,0,0,0.001,0.001,0,83700,83600,180,26,33,0.0,0.0,0.0,0.0,8,48,0.0,0.0,0.0,0.0,2,52,0,600,0,57,0,0,0,0,0,0,0,0,0
33,2016-04-14 17:11:49.176,2703,100000,100,INSTITUTIONSHOMOPHILY,true,10,10,6,14,6,0.85,0.5,0,0,0.001,0.001,0,83800,83700,171,30,32,0.0,0.0,0.0,0.0,7,47,0.0,0.0,0.0,0.0,2,52,0,600,0,56,0,0,0,0,0,0,0,0,0
33,2016-04-14 17:11:49.176,2706,100000,100,INSTITUTIONSHOMOPHILY,true,10,10,6,14,6,0.85,0.5,0,0,0.001,0.001,0,83900,83800,178,30,31,0.0,0.0,0.0,0.0,12,46,0.0,0.0,0.0,0.0,2,52,0,600,0,56,0,0,0,0,0,0,0,0,0
33,2016-04-14 17:11:49.176,2709,100000,100,INSTITUTIONSHOMOPHILY,true,10,10,6,14,6,0.85,0.5,0,0,0.001,0.001,0,84000,83900,173,28,26,0.0,0.0,0.0,0.0,10,47,0.0,0.0,0.0,0.0,2,52,0,600,0,56,0,0,0,0,0,0,0,0,0
33,2016-04-14 17:11:49.176,2711,100000,100,INSTITUTIONSHOMOPHILY,true,10,10,6,14,6,0.85,0.5,0,0,0.001,0.001,0,84100,84000,175,29,26,0.0,0.0,0.0,0.0,9,48,0.0,0.0,0.0,0.0,2,52,0,600,0,57,0,0,0,0,0,0,0,0,0
33,2016-04-14 17:11:49.176,2714,100000,100,INSTITUTIONSHOMOPHILY,true,10,10,6,14,6,0.85,0.5,0,0,0.001,0.001,0,84200,84100,173,30,32,0.0,0.0,0.0,0.0,12,48,0.0,0.0,0.0,0.0,2,52,0,600,0,55,0,0,0,0,0,0,0,0,0
33,2016-04-14 17:11:49.176,2716,100000,100,INSTITUTIONSHOMOPHILY,true,10,10,6,14,6,0.85,0.5,0,0,0.001,0.001,0,84300,84200,178,25,38,0.0,0.0,0.0,0.0,8,49,0.0,0.0,0.0,0.0,2,52,0,600,0,54,0,0,0,0,0,0,0,0,0
33,2016-04-14 17:11:49.176,2719,100000,100,INSTITUTIONSHOMOPHILY,true,10,10,6,14,6,0.85,0.5,0,0,0.001,0.001,0,84400,84300,170,36,26,0.0,0.0,0.0,0.0,12,42,0.0,0.0,0.0,0.0,2,52,0,600,0,57,0,0,0,0,0,0,0,0,0
33,2016-04-14 17:11:49.176,2722,100000,100,INSTITUTIONSHOMOPHILY,true,10,10,6,14,6,0.85,0.5,0,0,0.001,0.001,0,84500,84400,177,24,32,0.0,0.0,0.0,0.0,9,48,0.0,0.0,0.0,0.0,2,52,0,600,0,56,0,0,0,0,0,0,0,0,0
33,2016-04-14 17:11:49.176,2725,100000,100,INSTITUTIONSHOMOPHILY,true,10,10,6,14,6,0.85,0.5,0,0,0.001,0.001,0,84600,84500,184,32,30,0.0,0.0,0.0,0.0,13,49,0.0,0.0,0.0,0.0,2,52,0,600,0,57,0,0,0,0,0,0,0,0,0
33,2016-04-14 17:11:49.176,2727,100000,100,INSTITUTIONSHOMOPHILY,true,10,10,6,14,6,0.85,0.5,0,0,0.001,0.001,0,84700,84600,184,28,32,0.0,0.0,0.0,0.0,9,48,0.0,0.0,0.0,0.0,2,52,0,600,0,55,0,0,0,0,0,0,0,0,0
33,2016-04-14 17:11:49.176,2730,100000,100,INSTITUTIONSHOMOPHILY,true,10,10,6,14,6,0.85,0.5,0,0,0.001,0.001,0,84800,84700,178,32,33,0.0,0.0,0.0,0.0,10,46,0.0,0.0,0.0,0.0,2,52,0,600,0,57,0,0,0,0,0,0,0,0,0
33,2016-04-14 17:11:49.176,2733,100000,100,INSTITUTIONSHOMOPHILY,true,10,10,6,14,6,0.85,0.5,0,0,0.001,0.001,0,84900,84800,184,26,28,0.0,0.0,0.0,0.0,8,48,0.0,0.0,0.0,0.0,2,52,0,600,0,56,0,0,0,0,0,0,0,0,0
33,2016-04-14 17:11:49.176,2736,100000,100,INSTITUTIONSHOMOPHILY,true,10,10,6,14,6,0.85,0.5,0,0,0.001,0.001,0,85000,84900,177,26,36,0.0,0.0,0.0,0.0,8,47,0.0,0.0,0.0,0.0,2,52,0,600,0,56,0,0,0,0,0,0,0,0,0
33,2016-04-14 17:11:49.176,2740,100000,100,INSTITUTIONSHOMOPHILY,true,10,10,6,14,6,0.85,0.5,0,0,0.001,0.001,0,85100,85000,176,24,32,0.0,0.0,0.0,0.0,8,49,0.0,0.0,0.0,0.0,2,52,0,600,0,57,0,0,0,0,0,0,0,0,0
33,2016-04-14 17:11:49.176,2742,100000,100,INSTITUTIONSHOMOPHILY,true,10,10,6,14,6,0.85,0.5,0,0,0.001,0.001,0,85200,85100,170,26,26,0.0,0.0,0.0,0.0,10,44,0.0,0.0,0.0,0.0,2,52,0,600,0,57,0,0,0,0,0,0,0,0,0
33,2016-04-14 17:11:49.176,2745,100000,100,INSTITUTIONSHOMOPHILY,true,10,10,6,14,6,0.85,0.5,0,0,0.001,0.001,0,85300,85200,173,28,33,0.0,0.0,0.0,0.0,9,49,0.0,0.0,0.0,0.0,2,52,0,600,0,58,0,0,0,0,0,0,0,0,0
33,2016-04-14 17:11:49.176,2748,100000,100,INSTITUTIONSHOMOPHILY,true,10,10,6,14,6,0.85,0.5,0,0,0.001,0.001,0,85400,85300,174,17,38,0.0,0.0,0.0,0.0,4,50,0.0,0.0,0.0,0.0,2,52,0,600,0,57,0,0,0,0,0,0,0,0,0
33,2016-04-14 17:11:49.176,2750,100000,100,INSTITUTIONSHOMOPHILY,true,10,10,6,14,6,0.85,0.5,0,0,0.001,0.001,0,85500,85400,174,31,23,0.0,0.0,0.0,0.0,10,48,0.0,0.0,0.0,0.0,2,52,0,600,0,55,0,0,0,0,0,0,0,0,0
33,2016-04-14 17:11:49.176,2753,100000,100,INSTITUTIONSHOMOPHILY,true,10,10,6,14,6,0.85,0.5,0,0,0.001,0.001,0,85600,85500,176,41,23,0.0,0.0,0.0,0.0,10,44,0.0,0.0,0.0,0.0,2,52,0,600,0,55,0,0,0,0,0,0,0,0,0
33,2016-04-14 17:11:49.176,2758,100000,100,INSTITUTIONSHOMOPHILY,true,10,10,6,14,6,0.85,0.5,0,0,0.001,0.001,0,85700,85600,178,39,19,0.0,0.0,0.0,0.0,15,44,0.0,0.0,0.0,0.0,2,52,0,600,0,58,0,0,0,0,0,0,0,0,0
33,2016-04-14 17:11:49.176,2761,100000,100,INSTITUTIONSHOMOPHILY,true,10,10,6,14,6,0.85,0.5,0,0,0.001,0.001,0,85800,85700,169,22,37,0.0,0.0,0.0,0.0,9,49,0.0,0.0,0.0,0.0,2,52,0,600,0,58,0,0,0,0,0,0,0,0,0
33,2016-04-14 17:11:49.176,2763,100000,100,INSTITUTIONSHOMOPHILY,true,10,10,6,14,6,0.85,0.5,0,0,0.001,0.001,0,85900,85800,171,27,36,0.0,0.0,0.0,0.0,8,48,0.0,0.0,0.0,0.0,2,52,0,600,0,59,0,0,0,0,0,0,0,0,0
33,2016-04-14 17:11:49.176,2766,100000,100,INSTITUTIONSHOMOPHILY,true,10,10,6,14,6,0.85,0.5,0,0,0.001,0.001,0,86000,85900,173,27,32,0.0,0.0,0.0,0.0,8,48,0.0,0.0,0.0,0.0,2,52,0,600,0,54,0,0,0,0,0,0,0,0,0
33,2016-04-14 17:11:49.176,2768,100000,100,INSTITUTIONSHOMOPHILY,true,10,10,6,14,6,0.85,0.5,0,0,0.001,0.001,0,86100,86000,168,25,33,0.0,0.0,0.0,0.0,8,50,0.0,0.0,0.0,0.0,2,52,0,600,0,57,0,0,0,0,0,0,0,0,0
33,2016-04-14 17:11:49.176,2771,100000,100,INSTITUTIONSHOMOPHILY,true,10,10,6,14,6,0.85,0.5,0,0,0.001,0.001,0,86200,86100,179,40,30,0.0,0.0,0.0,0.0,13,44,0.0,0.0,0.0,0.0,2,52,0,600,0,56,0,0,0,0,0,0,0,0,0
33,2016-04-14 17:11:49.176,2773,100000,100,INSTITUTIONSHOMOPHILY,true,10,10,6,14,6,0.85,0.5,0,0,0.001,0.001,0,86300,86200,177,23,34,0.0,0.0,0.0,0.0,7,50,0.0,0.0,0.0,0.0,2,52,0,600,0,56,0,0,0,0,0,0,0,0,0
33,2016-04-14 17:11:49.176,2778,100000,100,INSTITUTIONSHOMOPHILY,true,10,10,6,14,6,0.85,0.5,0,0,0.001,0.001,0,86400,86300,181,28,31,0.0,0.0,0.0,0.0,8,48,0.0,0.0,0.0,0.0,2,52,0,600,0,57,0,0,0,0,0,0,0,0,0
33,2016-04-14 17:11:49.176,2781,100000,100,INSTITUTIONSHOMOPHILY,true,10,10,6,14,6,0.85,0.5,0,0,0.001,0.001,0,86500,86400,170,31,30,0.0,0.0,0.0,0.0,10,47,0.0,0.0,0.0,0.0,2,52,0,600,0,57,0,0,0,0,0,0,0,0,0
33,2016-04-14 17:11:49.176,2783,100000,100,INSTITUTIONSHOMOPHILY,true,10,10,6,14,6,0.85,0.5,0,0,0.001,0.001,0,86600,86500,175,27,31,0.0,0.0,0.0,0.0,12,50,0.0,0.0,0.0,0.0,2,52,0,600,0,56,0,0,0,0,0,0,0,0,0
33,2016-04-14 17:11:49.176,2786,100000,100,INSTITUTIONSHOMOPHILY,true,10,10,6,14,6,0.85,0.5,0,0,0.001,0.001,0,86700,86600,182,33,31,0.0,0.0,0.0,0.0,11,47,0.0,0.0,0.0,0.0,2,52,0,600,0,54,0,0,0,0,0,0,0,0,0
33,2016-04-14 17:11:49.176,2788,100000,100,INSTITUTIONSHOMOPHILY,true,10,10,6,14,6,0.85,0.5,0,0,0.001,0.001,0,86800,86700,179,25,31,0.0,0.0,0.0,0.0,9,49,0.0,0.0,0.0,0.0,2,52,0,600,0,57,0,0,0,0,0,0,0,0,0
33,2016-04-14 17:11:49.176,2792,100000,100,INSTITUTIONSHOMOPHILY,true,10,10,6,14,6,0.85,0.5,0,0,0.001,0.001,0,86900,86800,174,32,32,0.0,0.0,0.0,0.0,10,48,0.0,0.0,0.0,0.0,2,52,0,600,0,58,0,0,0,0,0,0,0,0,0
33,2016-04-14 17:11:49.176,2796,100000,100,INSTITUTIONSHOMOPHILY,true,10,10,6,14,6,0.85,0.5,0,0,0.001,0.001,0,87000,86900,176,30,31,0.0,0.0,0.0,0.0,10,47,0.0,0.0,0.0,0.0,2,52,0,600,0,57,0,0,0,0,0,0,0,0,0
33,2016-04-14 17:11:49.176,2798,100000,100,INSTITUTIONSHOMOPHILY,true,10,10,6,14,6,0.85,0.5,0,0,0.001,0.001,0,87100,87000,161,26,37,0.0,0.0,0.0,0.0,10,45,0.0,0.0,0.0,0.0,2,52,0,600,0,57,0,0,0,0,0,0,0,0,0
33,2016-04-14 17:11:49.176,2801,100000,100,INSTITUTIONSHOMOPHILY,true,10,10,6,14,6,0.85,0.5,0,0,0.001,0.001,0,87200,87100,185,27,31,0.0,0.0,0.0,0.0,9,46,0.0,0.0,0.0,0.0,2,52,0,600,0,61,0,0,0,0,0,0,0,0,0
33,2016-04-14 17:11:49.176,2804,100000,100,INSTITUTIONSHOMOPHILY,true,10,10,6,14,6,0.85,0.5,0,0,0.001,0.001,0,87300,87200,177,31,28,0.0,0.0,0.0,0.0,9,46,0.0,0.0,0.0,0.0,2,52,0,600,0,56,0,0,0,0,0,0,0,0,0
33,2016-04-14 17:11:49.176,2806,100000,100,INSTITUTIONSHOMOPHILY,true,10,10,6,14,6,0.85,0.5,0,0,0.001,0.001,0,87400,87300,165,28,32,0.0,0.0,0.0,0.0,8,48,0.0,0.0,0.0,0.0,2,52,0,600,0,56,0,0,0,0,0,0,0,0,0
33,2016-04-14 17:11:49.176,2809,100000,100,INSTITUTIONSHOMOPHILY,true,10,10,6,14,6,0.85,0.5,0,0,0.001,0.001,0,87500,87400,172,21,38,0.0,0.0,0.0,0.0,7,48,0.0,0.0,0.0,0.0,2,52,0,600,0,56,0,0,0,0,0,0,0,0,0
33,2016-04-14 17:11:49.176,2812,100000,100,INSTITUTIONSHOMOPHILY,true,10,10,6,14,6,0.85,0.5,0,0,0.001,0.001,0,87600,87500,174,17,38,0.0,0.0,0.0,0.0,4,51,0.0,0.0,0.0,0.0,2,52,0,600,0,57,0,0,0,0,0,0,0,0,0
33,2016-04-14 17:11:49.176,2815,100000,100,INSTITUTIONSHOMOPHILY,true,10,10,6,14,6,0.85,0.5,0,0,0.001,0.001,0,87700,87600,180,28,33,0.0,0.0,0.0,0.0,6,51,0.0,0.0,0.0,0.0,2,52,0,600,0,58,0,0,0,0,0,0,0,0,0
33,2016-04-14 17:11:49.176,2817,100000,100,INSTITUTIONSHOMOPHILY,true,10,10,6,14,6,0.85,0.5,0,0,0.001,0.001,0,87800,87700,175,42,29,0.0,0.0,0.0,0.0,12,41,0.0,0.0,0.0,0.0,2,52,0,600,0,55,0,0,0,0,0,0,0,0,0
33,2016-04-14 17:11:49.176,2821,100000,100,INSTITUTIONSHOMOPHILY,true,10,10,6,14,6,0.85,0.5,0,0,0.001,0.001,0,87900,87800,174,30,34,0.0,0.0,0.0,0.0,10,49,0.0,0.0,0.0,0.0,2,52,0,600,0,58,0,0,0,0,0,0,0,0,0
33,2016-04-14 17:11:49.176,2823,100000,100,INSTITUTIONSHOMOPHILY,true,10,10,6,14,6,0.85,0.5,0,0,0.001,0.001,0,88000,87900,173,35,25,0.0,0.0,0.0,0.0,13,45,0.0,0.0,0.0,0.0,2,52,0,600,0,59,0,0,0,0,0,0,0,0,0
33,2016-04-14 17:11:49.176,2826,100000,100,INSTITUTIONSHOMOPHILY,true,10,10,6,14,6,0.85,0.5,0,0,0.001,0.001,0,88100,88000,168,27,17,0.0,0.0,0.0,0.0,9,44,0.0,0.0,0.0,0.0,2,52,0,600,0,57,0,0,0,0,0,0,0,0,0
33,2016-04-14 17:11:49.176,2830,100000,100,INSTITUTIONSHOMOPHILY,true,10,10,6,14,6,0.85,0.5,0,0,0.001,0.001,0,88200,88100,177,26,39,0.0,0.0,0.0,0.0,11,46,0.0,0.0,0.0,0.0,2,52,0,600,0,58,0,0,0,0,0,0,0,0,0
33,2016-04-14 17:11:49.176,2832,100000,100,INSTITUTIONSHOMOPHILY,true,10,10,6,14,6,0.85,0.5,0,0,0.001,0.001,0,88300,88200,184,36,32,0.0,0.0,0.0,0.0,11,47,0.0,0.0,0.0,0.0,2,52,0,600,0,56,0,0,0,0,0,0,0,0,0
33,2016-04-14 17:11:49.176,2835,100000,100,INSTITUTIONSHOMOPHILY,true,10,10,6,14,6,0.85,0.5,0,0,0.001,0.001,0,88400,88300,178,21,36,0.0,0.0,0.0,0.0,6,50,0.0,0.0,0.0,0.0,2,52,0,600,0,56,0,0,0,0,0,0,0,0,0
33,2016-04-14 17:11:49.176,2838,100000,100,INSTITUTIONSHOMOPHILY,true,10,10,6,14,6,0.85,0.5,0,0,0.001,0.001,0,88500,88400,185,27,30,0.0,0.0,0.0,0.0,9,48,0.0,0.0,0.0,0.0,2,52,0,600,0,57,0,0,0,0,0,0,0,0,0
33,2016-04-14 17:11:49.176,2841,100000,100,INSTITUTIONSHOMOPHILY,true,10,10,6,14,6,0.85,0.5,0,0,0.001,0.001,0,88600,88500,181,34,32,0.0,0.0,0.0,0.0,11,49,0.0,0.0,0.0,0.0,2,52,0,600,0,52,0,0,0,0,0,0,0,0,0
33,2016-04-14 17:11:49.176,2843,100000,100,INSTITUTIONSHOMOPHILY,true,10,10,6,14,6,0.85,0.5,0,0,0.001,0.001,0,88700,88600,176,31,30,0.0,0.0,0.0,0.0,9,46,0.0,0.0,0.0,0.0,2,52,0,600,0,57,0,0,0,0,0,0,0,0,0
33,2016-04-14 17:11:49.176,2846,100000,100,INSTITUTIONSHOMOPHILY,true,10,10,6,14,6,0.85,0.5,0,0,0.001,0.001,0,88800,88700,170,32,32,0.0,0.0,0.0,0.0,12,45,0.0,0.0,0.0,0.0,2,52,0,600,0,54,0,0,0,0,0,0,0,0,0
33,2016-04-14 17:11:49.176,2849,100000,100,INSTITUTIONSHOMOPHILY,true,10,10,6,14,6,0.85,0.5,0,0,0.001,0.001,0,88900,88800,179,23,31,0.0,0.0,0.0,0.0,8,49,0.0,0.0,0.0,0.0,2,52,0,600,0,57,0,0,0,0,0,0,0,0,0
33,2016-04-14 17:11:49.176,2852,100000,100,INSTITUTIONSHOMOPHILY,true,10,10,6,14,6,0.85,0.5,0,0,0.001,0.001,0,89000,88900,164,24,37,0.0,0.0,0.0,0.0,6,53,0.0,0.0,0.0,0.0,2,52,0,600,0,58,0,0,0,0,0,0,0,0,0
33,2016-04-14 17:11:49.176,2854,100000,100,INSTITUTIONSHOMOPHILY,true,10,10,6,14,6,0.85,0.5,0,0,0.001,0.001,0,89100,89000,176,29,31,0.0,0.0,0.0,0.0,12,48,0.0,0.0,0.0,0.0,2,52,0,600,0,56,0,0,0,0,0,0,0,0,0
33,2016-04-14 17:11:49.176,2857,100000,100,INSTITUTIONSHOMOPHILY,true,10,10,6,14,6,0.85,0.5,0,0,0.001,0.001,0,89200,89100,183,37,24,0.0,0.0,0.0,0.0,12,45,0.0,0.0,0.0,0.0,2,52,0,600,0,58,0,0,0,0,0,0,0,0,0
33,2016-04-14 17:11:49.176,2860,100000,100,INSTITUTIONSHOMOPHILY,true,10,10,6,14,6,0.85,0.5,0,0,0.001,0.001,0,89300,89200,175,31,33,0.0,0.0,0.0,0.0,13,47,0.0,0.0,0.0,0.0,2,52,0,600,0,56,0,0,0,0,0,0,0,0,0
33,2016-04-14 17:11:49.176,2863,100000,100,INSTITUTIONSHOMOPHILY,true,10,10,6,14,6,0.85,0.5,0,0,0.001,0.001,0,89400,89300,174,24,37,0.0,0.0,0.0,0.0,8,48,0.0,0.0,0.0,0.0,2,52,0,600,0,56,0,0,0,0,0,0,0,0,0
33,2016-04-14 17:11:49.176,2865,100000,100,INSTITUTIONSHOMOPHILY,true,10,10,6,14,6,0.85,0.5,0,0,0.001,0.001,0,89500,89400,171,23,38,0.0,0.0,0.0,0.0,9,46,0.0,0.0,0.0,0.0,2,52,0,600,0,56,0,0,0,0,0,0,0,0,0
33,2016-04-14 17:11:49.176,2868,100000,100,INSTITUTIONSHOMOPHILY,true,10,10,6,14,6,0.85,0.5,0,0,0.001,0.001,0,89600,89500,185,24,32,0.0,0.0,0.0,0.0,8,51,0.0,0.0,0.0,0.0,2,52,0,600,0,56,0,0,0,0,0,0,0,0,0
33,2016-04-14 17:11:49.176,2872,100000,100,INSTITUTIONSHOMOPHILY,true,10,10,6,14,6,0.85,0.5,0,0,0.001,0.001,0,89700,89600,173,29,31,0.0,0.0,0.0,0.0,9,50,0.0,0.0,0.0,0.0,2,52,0,600,0,57,0,0,0,0,0,0,0,0,0
33,2016-04-14 17:11:49.176,2874,100000,100,INSTITUTIONSHOMOPHILY,true,10,10,6,14,6,0.85,0.5,0,0,0.001,0.001,0,89800,89700,189,33,26,0.0,0.0,0.0,0.0,9,48,0.0,0.0,0.0,0.0,2,52,0,600,0,57,0,0,0,0,0,0,0,0,0
33,2016-04-14 17:11:49.176,2877,100000,100,INSTITUTIONSHOMOPHILY,true,10,10,6,14,6,0.85,0.5,0,0,0.001,0.001,0,89900,89800,183,41,22,0.0,0.0,0.0,0.0,13,46,0.0,0.0,0.0,0.0,2,52,0,600,0,56,0,0,0,0,0,0,0,0,0
33,2016-04-14 17:11:49.176,2880,100000,100,INSTITUTIONSHOMOPHILY,true,10,10,6,14,6,0.85,0.5,0,0,0.001,0.001,0,90000,89900,191,35,23,0.0,0.0,0.0,0.0,10,44,0.0,0.0,0.0,0.0,2,52,0,600,0,60,0,0,0,0,0,0,0,0,0
33,2016-04-14 17:11:49.176,2882,100000,100,INSTITUTIONSHOMOPHILY,true,10,10,6,14,6,0.85,0.5,0,0,0.001,0.001,0,90100,90000,176,34,22,0.0,0.0,0.0,0.0,12,47,0.0,0.0,0.0,0.0,2,52,0,600,0,57,0,0,0,0,0,0,0,0,0
33,2016-04-14 17:11:49.176,2885,100000,100,INSTITUTIONSHOMOPHILY,true,10,10,6,14,6,0.85,0.5,0,0,0.001,0.001,0,90200,90100,183,30,32,0.0,0.0,0.0,0.0,9,50,0.0,0.0,0.0,0.0,2,52,0,600,0,57,0,0,0,0,0,0,0,0,0
33,2016-04-14 17:11:49.176,2887,100000,100,INSTITUTIONSHOMOPHILY,true,10,10,6,14,6,0.85,0.5,0,0,0.001,0.001,0,90300,90200,182,20,36,0.0,0.0,0.0,0.0,6,52,0.0,0.0,0.0,0.0,2,52,0,600,0,57,0,0,0,0,0,0,0,0,0
33,2016-04-14 17:11:49.176,2890,100000,100,INSTITUTIONSHOMOPHILY,true,10,10,6,14,6,0.85,0.5,0,0,0.001,0.001,0,90400,90300,183,31,34,0.0,0.0,0.0,0.0,9,49,0.0,0.0,0.0,0.0,2,52,0,600,0,55,0,0,0,0,0,0,0,0,0
33,2016-04-14 17:11:49.176,2892,100000,100,INSTITUTIONSHOMOPHILY,true,10,10,6,14,6,0.85,0.5,0,0,0.001,0.001,0,90500,90400,173,27,35,0.0,0.0,0.0,0.0,11,49,0.0,0.0,0.0,0.0,2,52,0,600,0,58,0,0,0,0,0,0,0,0,0
33,2016-04-14 17:11:49.176,2905,100000,100,INSTITUTIONSHOMOPHILY,true,10,10,6,14,6,0.85,0.5,0,0,0.001,0.001,0,90600,90500,169,29,33,0.0,0.0,0.0,0.0,11,49,0.0,0.0,0.0,0.0,2,52,0,600,0,56,0,0,0,0,0,0,0,0,0
33,2016-04-14 17:11:49.176,2908,100000,100,INSTITUTIONSHOMOPHILY,true,10,10,6,14,6,0.85,0.5,0,0,0.001,0.001,0,90700,90600,169,30,27,0.0,0.0,0.0,0.0,9,49,0.0,0.0,0.0,0.0,2,52,0,600,0,57,0,0,0,0,0,0,0,0,0
33,2016-04-14 17:11:49.176,2911,100000,100,INSTITUTIONSHOMOPHILY,true,10,10,6,14,6,0.85,0.5,0,0,0.001,0.001,0,90800,90700,172,34,31,0.0,0.0,0.0,0.0,9,50,0.0,0.0,0.0,0.0,2,52,0,600,0,57,0,0,0,0,0,0,0,0,0
33,2016-04-14 17:11:49.176,2914,100000,100,INSTITUTIONSHOMOPHILY,true,10,10,6,14,6,0.85,0.5,0,0,0.001,0.001,0,90900,90800,172,24,34,0.0,0.0,0.0,0.0,8,49,0.0,0.0,0.0,0.0,2,52,0,600,0,57,0,0,0,0,0,0,0,0,0
33,2016-04-14 17:11:49.176,2916,100000,100,INSTITUTIONSHOMOPHILY,true,10,10,6,14,6,0.85,0.5,0,0,0.001,0.001,0,91000,90900,178,34,25,0.0,0.0,0.0,0.0,11,45,0.0,0.0,0.0,0.0,2,52,0,600,0,58,0,0,0,0,0,0,0,0,0
33,2016-04-14 17:11:49.176,2919,100000,100,INSTITUTIONSHOMOPHILY,true,10,10,6,14,6,0.85,0.5,0,0,0.001,0.001,0,91100,91000,186,31,19,0.0,0.0,0.0,0.0,11,45,0.0,0.0,0.0,0.0,2,52,0,600,0,60,0,0,0,0,0,0,0,0,0
33,2016-04-14 17:11:49.176,2921,100000,100,INSTITUTIONSHOMOPHILY,true,10,10,6,14,6,0.85,0.5,0,0,0.001,0.001,0,91200,91100,173,31,28,0.0,0.0,0.0,0.0,13,43,0.0,0.0,0.0,0.0,2,52,0,600,0,58,0,0,0,0,0,0,0,0,0
33,2016-04-14 17:11:49.176,2924,100000,100,INSTITUTIONSHOMOPHILY,true,10,10,6,14,6,0.85,0.5,0,0,0.001,0.001,0,91300,91200,194,31,26,0.0,0.0,0.0,0.0,9,48,0.0,0.0,0.0,0.0,2,52,0,600,0,56,0,0,0,0,0,0,0,0,0
33,2016-04-14 17:11:49.176,2927,100000,100,INSTITUTIONSHOMOPHILY,true,10,10,6,14,6,0.85,0.5,0,0,0.001,0.001,0,91400,91300,174,28,32,0.0,0.0,0.0,0.0,13,46,0.0,0.0,0.0,0.0,2,52,0,600,0,59,0,0,0,0,0,0,0,0,0
33,2016-04-14 17:11:49.176,2930,100000,100,INSTITUTIONSHOMOPHILY,true,10,10,6,14,6,0.85,0.5,0,0,0.001,0.001,0,91500,91400,182,29,18,0.0,0.0,0.0,0.0,9,46,0.0,0.0,0.0,0.0,2,52,0,600,0,56,0,0,0,0,0,0,0,0,0
33,2016-04-14 17:11:49.176,2933,100000,100,INSTITUTIONSHOMOPHILY,true,10,10,6,14,6,0.85,0.5,0,0,0.001,0.001,0,91600,91500,184,27,24,0.0,0.0,0.0,0.0,9,46,0.0,0.0,0.0,0.0,2,52,0,600,0,58,0,0,0,0,0,0,0,0,0
33,2016-04-14 17:11:49.176,2935,100000,100,INSTITUTIONSHOMOPHILY,true,10,10,6,14,6,0.85,0.5,0,0,0.001,0.001,0,91700,91600,176,31,32,0.0,0.0,0.0,0.0,12,49,0.0,0.0,0.0,0.0,2,52,0,600,0,57,0,0,0,0,0,0,0,0,0
33,2016-04-14 17:11:49.176,2938,100000,100,INSTITUTIONSHOMOPHILY,true,10,10,6,14,6,0.85,0.5,0,0,0.001,0.001,0,91800,91700,179,37,30,0.0,0.0,0.0,0.0,11,46,0.0,0.0,0.0,0.0,2,52,0,600,0,58,0,0,0,0,0,0,0,0,0
33,2016-04-14 17:11:49.176,2941,100000,100,INSTITUTIONSHOMOPHILY,true,10,10,6,14,6,0.85,0.5,0,0,0.001,0.001,0,91900,91800,172,26,33,0.0,0.0,0.0,0.0,9,51,0.0,0.0,0.0,0.0,2,52,0,600,0,59,0,0,0,0,0,0,0,0,0
33,2016-04-14 17:11:49.176,2945,100000,100,INSTITUTIONSHOMOPHILY,true,10,10,6,14,6,0.85,0.5,0,0,0.001,0.001,0,92000,91900,175,27,29,0.0,0.0,0.0,0.0,8,48,0.0,0.0,0.0,0.0,2,52,0,600,0,57,0,0,0,0,0,0,0,0,0
33,2016-04-14 17:11:49.176,2947,100000,100,INSTITUTIONSHOMOPHILY,true,10,10,6,14,6,0.85,0.5,0,0,0.001,0.001,0,92100,92000,170,28,33,0.0,0.0,0.0,0.0,12,48,0.0,0.0,0.0,0.0,2,52,0,600,0,56,0,0,0,0,0,0,0,0,0
33,2016-04-14 17:11:49.176,2950,100000,100,INSTITUTIONSHOMOPHILY,true,10,10,6,14,6,0.85,0.5,0,0,0.001,0.001,0,92200,92100,186,33,24,0.0,0.0,0.0,0.0,9,47,0.0,0.0,0.0,0.0,2,52,0,600,0,57,0,0,0,0,0,0,0,0,0
33,2016-04-14 17:11:49.176,2952,100000,100,INSTITUTIONSHOMOPHILY,true,10,10,6,14,6,0.85,0.5,0,0,0.001,0.001,0,92300,92200,176,31,25,0.0,0.0,0.0,0.0,10,46,0.0,0.0,0.0,0.0,2,52,0,600,0,56,0,0,0,0,0,0,0,0,0
33,2016-04-14 17:11:49.176,2955,100000,100,INSTITUTIONSHOMOPHILY,true,10,10,6,14,6,0.85,0.5,0,0,0.001,0.001,0,92400,92300,173,36,25,0.0,0.0,0.0,0.0,15,45,0.0,0.0,0.0,0.0,2,52,0,600,0,54,0,0,0,0,0,0,0,0,0
33,2016-04-14 17:11:49.176,2957,100000,100,INSTITUTIONSHOMOPHILY,true,10,10,6,14,6,0.85,0.5,0,0,0.001,0.001,0,92500,92400,182,29,32,0.0,0.0,0.0,0.0,9,48,0.0,0.0,0.0,0.0,2,52,0,600,0,55,0,0,0,0,0,0,0,0,0
33,2016-04-14 17:11:49.176,2960,100000,100,INSTITUTIONSHOMOPHILY,true,10,10,6,14,6,0.85,0.5,0,0,0.001,0.001,0,92600,92500,178,28,34,0.0,0.0,0.0,0.0,9,47,0.0,0.0,0.0,0.0,2,52,0,600,0,56,0,0,0,0,0,0,0,0,0
33,2016-04-14 17:11:49.176,2963,100000,100,INSTITUTIONSHOMOPHILY,true,10,10,6,14,6,0.85,0.5,0,0,0.001,0.001,0,92700,92600,176,28,32,0.0,0.0,0.0,0.0,11,47,0.0,0.0,0.0,0.0,2,52,0,600,0,56,0,0,0,0,0,0,0,0,0
33,2016-04-14 17:11:49.176,2966,100000,100,INSTITUTIONSHOMOPHILY,true,10,10,6,14,6,0.85,0.5,0,0,0.001,0.001,0,92800,92700,176,24,33,0.0,0.0,0.0,0.0,7,51,0.0,0.0,0.0,0.0,2,52,0,600,0,55,0,0,0,0,0,0,0,0,0
33,2016-04-14 17:11:49.176,2968,100000,100,INSTITUTIONSHOMOPHILY,true,10,10,6,14,6,0.85,0.5,0,0,0.001,0.001,0,92900,92800,169,35,33,0.0,0.0,0.0,0.0,11,50,0.0,0.0,0.0,0.0,2,52,0,600,0,57,0,0,0,0,0,0,0,0,0
33,2016-04-14 17:11:49.176,2971,100000,100,INSTITUTIONSHOMOPHILY,true,10,10,6,14,6,0.85,0.5,0,0,0.001,0.001,0,93000,92900,177,34,29,0.0,0.0,0.0,0.0,7,47,0.0,0.0,0.0,0.0,2,52,0,600,0,57,0,0,0,0,0,0,0,0,0
33,2016-04-14 17:11:49.176,2974,100000,100,INSTITUTIONSHOMOPHILY,true,10,10,6,14,6,0.85,0.5,0,0,0.001,0.001,0,93100,93000,175,27,34,0.0,0.0,0.0,0.0,7,50,0.0,0.0,0.0,0.0,2,52,0,600,0,57,0,0,0,0,0,0,0,0,0
33,2016-04-14 17:11:49.176,2989,100000,100,INSTITUTIONSHOMOPHILY,true,10,10,6,14,6,0.85,0.5,0,0,0.001,0.001,0,93200,93100,176,34,33,0.0,0.0,0.0,0.0,12,49,0.0,0.0,0.0,0.0,2,52,0,600,0,58,0,0,0,0,0,0,0,0,0
33,2016-04-14 17:11:49.176,2991,100000,100,INSTITUTIONSHOMOPHILY,true,10,10,6,14,6,0.85,0.5,0,0,0.001,0.001,0,93300,93200,172,28,28,0.0,0.0,0.0,0.0,10,45,0.0,0.0,0.0,0.0,2,52,0,600,0,57,0,0,0,0,0,0,0,0,0
33,2016-04-14 17:11:49.176,2995,100000,100,INSTITUTIONSHOMOPHILY,true,10,10,6,14,6,0.85,0.5,0,0,0.001,0.001,0,93400,93300,176,22,33,0.0,0.0,0.0,0.0,7,50,0.0,0.0,0.0,0.0,2,52,0,600,0,56,0,0,0,0,0,0,0,0,0
33,2016-04-14 17:11:49.176,2998,100000,100,INSTITUTIONSHOMOPHILY,true,10,10,6,14,6,0.85,0.5,0,0,0.001,0.001,0,93500,93400,175,23,32,0.0,0.0,0.0,0.0,8,48,0.0,0.0,0.0,0.0,2,52,0,600,0,57,0,0,0,0,0,0,0,0,0
33,2016-04-14 17:11:49.176,3000,100000,100,INSTITUTIONSHOMOPHILY,true,10,10,6,14,6,0.85,0.5,0,0,0.001,0.001,0,93600,93500,183,28,33,0.0,0.0,0.0,0.0,9,51,0.0,0.0,0.0,0.0,2,52,0,600,0,55,0,0,0,0,0,0,0,0,0
33,2016-04-14 17:11:49.176,3004,100000,100,INSTITUTIONSHOMOPHILY,true,10,10,6,14,6,0.85,0.5,0,0,0.001,0.001,0,93700,93600,187,31,33,0.0,0.0,0.0,0.0,9,44,0.0,0.0,0.0,0.0,2,52,0,600,0,58,0,0,0,0,0,0,0,0,0
33,2016-04-14 17:11:49.176,3007,100000,100,INSTITUTIONSHOMOPHILY,true,10,10,6,14,6,0.85,0.5,0,0,0.001,0.001,0,93800,93700,181,30,32,0.0,0.0,0.0,0.0,9,50,0.0,0.0,0.0,0.0,2,52,0,600,0,59,0,0,0,0,0,0,0,0,0
33,2016-04-14 17:11:49.176,3009,100000,100,INSTITUTIONSHOMOPHILY,true,10,10,6,14,6,0.85,0.5,0,0,0.001,0.001,0,93900,93800,184,28,32,0.0,0.0,0.0,0.0,11,49,0.0,0.0,0.0,0.0,2,52,0,600,0,56,0,0,0,0,0,0,0,0,0
33,2016-04-14 17:11:49.176,3012,100000,100,INSTITUTIONSHOMOPHILY,true,10,10,6,14,6,0.85,0.5,0,0,0.001,0.001,0,94000,93900,160,35,31,0.0,0.0,0.0,0.0,17,43,0.0,0.0,0.0,0.0,2,52,0,600,0,56,0,0,0,0,0,0,0,0,0
33,2016-04-14 17:11:49.176,3014,100000,100,INSTITUTIONSHOMOPHILY,true,10,10,6,14,6,0.85,0.5,0,0,0.001,0.001,0,94100,94000,186,39,29,0.0,0.0,0.0,0.0,12,45,0.0,0.0,0.0,0.0,2,52,0,600,0,55,0,0,0,0,0,0,0,0,0
33,2016-04-14 17:11:49.176,3017,100000,100,INSTITUTIONSHOMOPHILY,true,10,10,6,14,6,0.85,0.5,0,0,0.001,0.001,0,94200,94100,178,20,37,0.0,0.0,0.0,0.0,6,49,0.0,0.0,0.0,0.0,2,52,0,600,0,57,0,0,0,0,0,0,0,0,0
33,2016-04-14 17:11:49.176,3019,100000,100,INSTITUTIONSHOMOPHILY,true,10,10,6,14,6,0.85,0.5,0,0,0.001,0.001,0,94300,94200,183,31,23,0.0,0.0,0.0,0.0,10,45,0.0,0.0,0.0,0.0,2,52,0,600,0,55,0,0,0,0,0,0,0,0,0
33,2016-04-14 17:11:49.176,3022,100000,100,INSTITUTIONSHOMOPHILY,true,10,10,6,14,6,0.85,0.5,0,0,0.001,0.001,0,94400,94300,158,27,34,0.0,0.0,0.0,0.0,9,50,0.0,0.0,0.0,0.0,2,52,0,600,0,55,0,0,0,0,0,0,0,0,0
33,2016-04-14 17:11:49.176,3025,100000,100,INSTITUTIONSHOMOPHILY,true,10,10,6,14,6,0.85,0.5,0,0,0.001,0.001,0,94500,94400,188,28,23,0.0,0.0,0.0,0.0,8,48,0.0,0.0,0.0,0.0,2,52,0,600,0,56,0,0,0,0,0,0,0,0,0
33,2016-04-14 17:11:49.176,3028,100000,100,INSTITUTIONSHOMOPHILY,true,10,10,6,14,6,0.85,0.5,0,0,0.001,0.001,0,94600,94500,168,30,35,0.0,0.0,0.0,0.0,11,50,0.0,0.0,0.0,0.0,2,52,0,600,0,58,0,0,0,0,0,0,0,0,0
33,2016-04-14 17:11:49.176,3030,100000,100,INSTITUTIONSHOMOPHILY,true,10,10,6,14,6,0.85,0.5,0,0,0.001,0.001,0,94700,94600,183,30,33,0.0,0.0,0.0,0.0,7,51,0.0,0.0,0.0,0.0,2,52,0,600,0,56,0,0,0,0,0,0,0,0,0
33,2016-04-14 17:11:49.176,3033,100000,100,INSTITUTIONSHOMOPHILY,true,10,10,6,14,6,0.85,0.5,0,0,0.001,0.001,0,94800,94700,183,28,25,0.0,0.0,0.0,0.0,9,49,0.0,0.0,0.0,0.0,2,52,0,600,0,56,0,0,0,0,0,0,0,0,0
33,2016-04-14 17:11:49.176,3035,100000,100,INSTITUTIONSHOMOPHILY,true,10,10,6,14,6,0.85,0.5,0,0,0.001,0.001,0,94900,94800,173,28,28,0.0,0.0,0.0,0.0,9,49,0.0,0.0,0.0,0.0,2,52,0,600,0,57,0,0,0,0,0,0,0,0,0
33,2016-04-14 17:11:49.176,3038,100000,100,INSTITUTIONSHOMOPHILY,true,10,10,6,14,6,0.85,0.5,0,0,0.001,0.001,0,95000,94900,177,33,35,0.0,0.0,0.0,0.0,9,49,0.0,0.0,0.0,0.0,2,52,0,600,0,58,0,0,0,0,0,0,0,0,0
33,2016-04-14 17:11:49.176,3040,100000,100,INSTITUTIONSHOMOPHILY,true,10,10,6,14,6,0.85,0.5,0,0,0.001,0.001,0,95100,95000,181,35,25,0.0,0.0,0.0,0.0,9,44,0.0,0.0,0.0,0.0,2,52,0,600,0,57,0,0,0,0,0,0,0,0,0
33,2016-04-14 17:11:49.176,3043,100000,100,INSTITUTIONSHOMOPHILY,true,10,10,6,14,6,0.85,0.5,0,0,0.001,0.001,0,95200,95100,179,31,31,0.0,0.0,0.0,0.0,11,45,0.0,0.0,0.0,0.0,2,52,0,600,0,58,0,0,0,0,0,0,0,0,0
33,2016-04-14 17:11:49.176,3046,100000,100,INSTITUTIONSHOMOPHILY,true,10,10,6,14,6,0.85,0.5,0,0,0.001,0.001,0,95300,95200,171,27,32,0.0,0.0,0.0,0.0,9,49,0.0,0.0,0.0,0.0,2,52,0,600,0,55,0,0,0,0,0,0,0,0,0
33,2016-04-14 17:11:49.176,3048,100000,100,INSTITUTIONSHOMOPHILY,true,10,10,6,14,6,0.85,0.5,0,0,0.001,0.001,0,95400,95300,177,24,33,0.0,0.0,0.0,0.0,9,46,0.0,0.0,0.0,0.0,2,52,0,600,0,57,0,0,0,0,0,0,0,0,0
33,2016-04-14 17:11:49.176,3051,100000,100,INSTITUTIONSHOMOPHILY,true,10,10,6,14,6,0.85,0.5,0,0,0.001,0.001,0,95500,95400,178,26,33,0.0,0.0,0.0,0.0,9,48,0.0,0.0,0.0,0.0,2,52,0,600,0,58,0,0,0,0,0,0,0,0,0
33,2016-04-14 17:11:49.176,3055,100000,100,INSTITUTIONSHOMOPHILY,true,10,10,6,14,6,0.85,0.5,0,0,0.001,0.001,0,95600,95500,170,28,32,0.0,0.0,0.0,0.0,10,48,0.0,0.0,0.0,0.0,2,52,0,600,0,58,0,0,0,0,0,0,0,0,0
33,2016-04-14 17:11:49.176,3058,100000,100,INSTITUTIONSHOMOPHILY,true,10,10,6,14,6,0.85,0.5,0,0,0.001,0.001,0,95700,95600,177,32,26,0.0,0.0,0.0,0.0,10,45,0.0,0.0,0.0,0.0,2,52,0,600,0,55,0,0,0,0,0,0,0,0,0
33,2016-04-14 17:11:49.176,3061,100000,100,INSTITUTIONSHOMOPHILY,true,10,10,6,14,6,0.85,0.5,0,0,0.001,0.001,0,95800,95700,179,27,34,0.0,0.0,0.0,0.0,7,51,0.0,0.0,0.0,0.0,2,52,0,600,0,56,0,0,0,0,0,0,0,0,0
33,2016-04-14 17:11:49.176,3063,100000,100,INSTITUTIONSHOMOPHILY,true,10,10,6,14,6,0.85,0.5,0,0,0.001,0.001,0,95900,95800,172,26,38,0.0,0.0,0.0,0.0,9,46,0.0,0.0,0.0,0.0,2,52,0,600,0,56,0,0,0,0,0,0,0,0,0
33,2016-04-14 17:11:49.176,3066,100000,100,INSTITUTIONSHOMOPHILY,true,10,10,6,14,6,0.85,0.5,0,0,0.001,0.001,0,96000,95900,173,23,31,0.0,0.0,0.0,0.0,8,47,0.0,0.0,0.0,0.0,2,52,0,600,0,55,0,0,0,0,0,0,0,0,0
33,2016-04-14 17:11:49.176,3069,100000,100,INSTITUTIONSHOMOPHILY,true,10,10,6,14,6,0.85,0.5,0,0,0.001,0.001,0,96100,96000,172,30,32,0.0,0.0,0.0,0.0,10,46,0.0,0.0,0.0,0.0,2,52,0,600,0,55,0,0,0,0,0,0,0,0,0
33,2016-04-14 17:11:49.176,3071,100000,100,INSTITUTIONSHOMOPHILY,true,10,10,6,14,6,0.85,0.5,0,0,0.001,0.001,0,96200,96100,173,30,35,0.0,0.0,0.0,0.0,10,45,0.0,0.0,0.0,0.0,2,52,0,600,0,56,0,0,0,0,0,0,0,0,0
33,2016-04-14 17:11:49.176,3074,100000,100,INSTITUTIONSHOMOPHILY,true,10,10,6,14,6,0.85,0.5,0,0,0.001,0.001,0,96300,96200,172,27,33,0.0,0.0,0.0,0.0,10,46,0.0,0.0,0.0,0.0,2,52,0,600,0,57,0,0,0,0,0,0,0,0,0
33,2016-04-14 17:11:49.176,3082,100000,100,INSTITUTIONSHOMOPHILY,true,10,10,6,14,6,0.85,0.5,0,0,0.001,0.001,0,96400,96300,170,29,32,0.0,0.0,0.0,0.0,11,49,0.0,0.0,0.0,0.0,2,52,0,600,0,57,0,0,0,0,0,0,0,0,0
33,2016-04-14 17:11:49.176,3084,100000,100,INSTITUTIONSHOMOPHILY,true,10,10,6,14,6,0.85,0.5,0,0,0.001,0.001,0,96500,96400,174,32,32,0.0,0.0,0.0,0.0,12,47,0.0,0.0,0.0,0.0,2,52,0,600,0,57,0,0,0,0,0,0,0,0,0
33,2016-04-14 17:11:49.176,3087,100000,100,INSTITUTIONSHOMOPHILY,true,10,10,6,14,6,0.85,0.5,0,0,0.001,0.001,0,96600,96500,188,33,24,0.0,0.0,0.0,0.0,13,46,0.0,0.0,0.0,0.0,2,52,0,600,0,57,0,0,0,0,0,0,0,0,0
33,2016-04-14 17:11:49.176,3090,100000,100,INSTITUTIONSHOMOPHILY,true,10,10,6,14,6,0.85,0.5,0,0,0.001,0.001,0,96700,96600,180,21,38,0.0,0.0,0.0,0.0,5,50,0.0,0.0,0.0,0.0,2,52,0,600,0,57,0,0,0,0,0,0,0,0,0
33,2016-04-14 17:11:49.176,3092,100000,100,INSTITUTIONSHOMOPHILY,true,10,10,6,14,6,0.85,0.5,0,0,0.001,0.001,0,96800,96700,171,40,23,0.0,0.0,0.0,0.0,14,43,0.0,0.0,0.0,0.0,2,52,0,600,0,55,0,0,0,0,0,0,0,0,0
33,2016-04-14 17:11:49.176,3095,100000,100,INSTITUTIONSHOMOPHILY,true,10,10,6,14,6,0.85,0.5,0,0,0.001,0.001,0,96900,96800,180,29,34,0.0,0.0,0.0,0.0,10,50,0.0,0.0,0.0,0.0,2,52,0,600,0,57,0,0,0,0,0,0,0,0,0
33,2016-04-14 17:11:49.176,3097,100000,100,INSTITUTIONSHOMOPHILY,true,10,10,6,14,6,0.85,0.5,0,0,0.001,0.001,0,97000,96900,176,26,33,0.0,0.0,0.0,0.0,8,50,0.0,0.0,0.0,0.0,2,52,0,600,0,57,0,0,0,0,0,0,0,0,0
33,2016-04-14 17:11:49.176,3100,100000,100,INSTITUTIONSHOMOPHILY,true,10,10,6,14,6,0.85,0.5,0,0,0.001,0.001,0,97100,97000,182,35,19,0.0,0.0,0.0,0.0,9,45,0.0,0.0,0.0,0.0,2,52,0,600,0,56,0,0,0,0,0,0,0,0,0
33,2016-04-14 17:11:49.176,3103,100000,100,INSTITUTIONSHOMOPHILY,true,10,10,6,14,6,0.85,0.5,0,0,0.001,0.001,0,97200,97100,179,29,34,0.0,0.0,0.0,0.0,7,50,0.0,0.0,0.0,0.0,2,52,0,600,0,55,0,0,0,0,0,0,0,0,0
33,2016-04-14 17:11:49.176,3106,100000,100,INSTITUTIONSHOMOPHILY,true,10,10,6,14,6,0.85,0.5,0,0,0.001,0.001,0,97300,97200,173,24,38,0.0,0.0,0.0,0.0,9,50,0.0,0.0,0.0,0.0,2,52,0,600,0,57,0,0,0,0,0,0,0,0,0
33,2016-04-14 17:11:49.176,3109,100000,100,INSTITUTIONSHOMOPHILY,true,10,10,6,14,6,0.85,0.5,0,0,0.001,0.001,0,97400,97300,180,19,36,0.0,0.0,0.0,0.0,4,54,0.0,0.0,0.0,0.0,2,52,0,600,0,57,0,0,0,0,0,0,0,0,0
33,2016-04-14 17:11:49.176,3113,100000,100,INSTITUTIONSHOMOPHILY,true,10,10,6,14,6,0.85,0.5,0,0,0.001,0.001,0,97500,97400,182,34,29,0.0,0.0,0.0,0.0,12,47,0.0,0.0,0.0,0.0,2,52,0,600,0,58,0,0,0,0,0,0,0,0,0
33,2016-04-14 17:11:49.176,3115,100000,100,INSTITUTIONSHOMOPHILY,true,10,10,6,14,6,0.85,0.5,0,0,0.001,0.001,0,97600,97500,175,31,30,0.0,0.0,0.0,0.0,11,46,0.0,0.0,0.0,0.0,2,52,0,600,0,58,0,0,0,0,0,0,0,0,0
33,2016-04-14 17:11:49.176,3118,100000,100,INSTITUTIONSHOMOPHILY,true,10,10,6,14,6,0.85,0.5,0,0,0.001,0.001,0,97700,97600,167,35,28,0.0,0.0,0.0,0.0,9,45,0.0,0.0,0.0,0.0,2,52,0,600,0,60,0,0,0,0,0,0,0,0,0
33,2016-04-14 17:11:49.176,3120,100000,100,INSTITUTIONSHOMOPHILY,true,10,10,6,14,6,0.85,0.5,0,0,0.001,0.001,0,97800,97700,170,25,34,0.0,0.0,0.0,0.0,9,45,0.0,0.0,0.0,0.0,2,52,0,600,0,57,0,0,0,0,0,0,0,0,0
33,2016-04-14 17:11:49.176,3123,100000,100,INSTITUTIONSHOMOPHILY,true,10,10,6,14,6,0.85,0.5,0,0,0.001,0.001,0,97900,97800,181,29,20,0.0,0.0,0.0,0.0,8,48,0.0,0.0,0.0,0.0,2,52,0,600,0,58,0,0,0,0,0,0,0,0,0
33,2016-04-14 17:11:49.176,3126,100000,100,INSTITUTIONSHOMOPHILY,true,10,10,6,14,6,0.85,0.5,0,0,0.001,0.001,0,98000,97900,177,23,35,0.0,0.0,0.0,0.0,6,53,0.0,0.0,0.0,0.0,2,52,0,600,0,56,0,0,0,0,0,0,0,0,0
33,2016-04-14 17:11:49.176,3130,100000,100,INSTITUTIONSHOMOPHILY,true,10,10,6,14,6,0.85,0.5,0,0,0.001,0.001,0,98100,98000,178,27,33,0.0,0.0,0.0,0.0,9,49,0.0,0.0,0.0,0.0,2,52,0,600,0,58,0,0,0,0,0,0,0,0,0
33,2016-04-14 17:11:49.176,3133,100000,100,INSTITUTIONSHOMOPHILY,true,10,10,6,14,6,0.85,0.5,0,0,0.001,0.001,0,98200,98100,174,29,35,0.0,0.0,0.0,0.0,9,48,0.0,0.0,0.0,0.0,2,52,0,600,0,57,0,0,0,0,0,0,0,0,0
33,2016-04-14 17:11:49.176,3136,100000,100,INSTITUTIONSHOMOPHILY,true,10,10,6,14,6,0.85,0.5,0,0,0.001,0.001,0,98300,98200,181,27,33,0.0,0.0,0.0,0.0,8,49,0.0,0.0,0.0,0.0,2,52,0,600,0,56,0,0,0,0,0,0,0,0,0
33,2016-04-14 17:11:49.176,3138,100000,100,INSTITUTIONSHOMOPHILY,true,10,10,6,14,6,0.85,0.5,0,0,0.001,0.001,0,98400,98300,176,36,32,0.0,0.0,0.0,0.0,14,46,0.0,0.0,0.0,0.0,2,52,0,600,0,57,0,0,0,0,0,0,0,0,0
33,2016-04-14 17:11:49.176,3141,100000,100,INSTITUTIONSHOMOPHILY,true,10,10,6,14,6,0.85,0.5,0,0,0.001,0.001,0,98500,98400,176,31,29,0.0,0.0,0.0,0.0,9,47,0.0,0.0,0.0,0.0,2,52,0,600,0,57,0,0,0,0,0,0,0,0,0
33,2016-04-14 17:11:49.176,3144,100000,100,INSTITUTIONSHOMOPHILY,true,10,10,6,14,6,0.85,0.5,0,0,0.001,0.001,0,98600,98500,178,29,34,0.0,0.0,0.0,0.0,10,46,0.0,0.0,0.0,0.0,2,52,0,600,0,55,0,0,0,0,0,0,0,0,0
33,2016-04-14 17:11:49.176,3146,100000,100,INSTITUTIONSHOMOPHILY,true,10,10,6,14,6,0.85,0.5,0,0,0.001,0.001,0,98700,98600,181,29,28,0.0,0.0,0.0,0.0,8,49,0.0,0.0,0.0,0.0,2,52,0,600,0,56,0,0,0,0,0,0,0,0,0
33,2016-04-14 17:11:49.176,3149,100000,100,INSTITUTIONSHOMOPHILY,true,10,10,6,14,6,0.85,0.5,0,0,0.001,0.001,0,98800,98700,186,28,30,0.0,0.0,0.0,0.0,8,47,0.0,0.0,0.0,0.0,2,52,0,600,0,57,0,0,0,0,0,0,0,0,0
33,2016-04-14 17:11:49.176,3151,100000,100,INSTITUTIONSHOMOPHILY,true,10,10,6,14,6,0.85,0.5,0,0,0.001,0.001,0,98900,98800,176,23,34,0.0,0.0,0.0,0.0,6,51,0.0,0.0,0.0,0.0,2,52,0,600,0,57,0,0,0,0,0,0,0,0,0
33,2016-04-14 17:11:49.176,3154,100000,100,INSTITUTIONSHOMOPHILY,true,10,10,6,14,6,0.85,0.5,0,0,0.001,0.001,0,99000,98900,175,27,32,0.0,0.0,0.0,0.0,11,49,0.0,0.0,0.0,0.0,2,52,0,600,0,61,0,0,0,0,0,0,0,0,0
33,2016-04-14 17:11:49.176,3156,100000,100,INSTITUTIONSHOMOPHILY,true,10,10,6,14,6,0.85,0.5,0,0,0.001,0.001,0,99100,99000,168,36,28,0.0,0.0,0.0,0.0,15,44,0.0,0.0,0.0,0.0,2,52,0,600,0,55,0,0,0,0,0,0,0,0,0
33,2016-04-14 17:11:49.176,3160,100000,100,INSTITUTIONSHOMOPHILY,true,10,10,6,14,6,0.85,0.5,0,0,0.001,0.001,0,99200,99100,169,30,31,0.0,0.0,0.0,0.0,12,46,0.0,0.0,0.0,0.0,2,53,0,600,0,55,0,0,0,0,0,0,0,0,0
33,2016-04-14 17:11:49.176,3166,100000,100,INSTITUTIONSHOMOPHILY,true,10,10,6,14,6,0.85,0.5,0,0,0.001,0.001,0,99300,99200,176,30,34,0.0,0.0,0.0,0.0,9,50,0.0,0.0,0.0,0.0,2,53,0,600,0,54,0,0,0,0,0,0,0,0,0
33,2016-04-14 17:11:49.176,3168,100000,100,INSTITUTIONSHOMOPHILY,true,10,10,6,14,6,0.85,0.5,0,0,0.001,0.001,0,99400,99300,170,22,34,0.0,0.0,0.0,0.0,8,49,0.0,0.0,0.0,0.0,2,53,0,600,0,54,0,0,0,0,0,0,0,0,0
33,2016-04-14 17:11:49.176,3171,100000,100,INSTITUTIONSHOMOPHILY,true,10,10,6,14,6,0.85,0.5,0,0,0.001,0.001,0,99500,99400,169,26,31,0.0,0.0,0.0,0.0,8,46,0.0,0.0,0.0,0.0,2,53,0,600,0,55,0,0,0,0,0,0,0,0,0
33,2016-04-14 17:11:49.176,3174,100000,100,INSTITUTIONSHOMOPHILY,true,10,10,6,14,6,0.85,0.5,0,0,0.001,0.001,0,99600,99500,172,23,34,0.0,0.0,0.0,0.0,8,51,0.0,0.0,0.0,0.0,2,53,0,600,0,53,0,0,0,0,0,0,0,0,0
33,2016-04-14 17:11:49.176,3176,100000,100,INSTITUTIONSHOMOPHILY,true,10,10,6,14,6,0.85,0.5,0,0,0.001,0.001,0,99700,99600,173,34,32,0.0,0.0,0.0,0.0,11,49,0.0,0.0,0.0,0.0,2,53,0,600,0,54,0,0,0,0,0,0,0,0,0
33,2016-04-14 17:11:49.176,3180,100000,100,INSTITUTIONSHOMOPHILY,true,10,10,6,14,6,0.85,0.5,0,0,0.001,0.001,0,99800,99700,171,34,27,0.0,0.0,0.0,0.0,12,48,0.0,0.0,0.0,0.0,2,53,0,600,0,54,0,0,0,0,0,0,0,0,0
33,2016-04-14 17:11:49.176,3183,100000,100,INSTITUTIONSHOMOPHILY,true,10,10,6,14,6,0.85,0.5,0,0,0.001,0.001,0,99900,99800,177,22,38,0.0,0.0,0.0,0.0,7,49,0.0,0.0,0.0,0.0,2,53,0,600,0,56,0,0,0,0,0,0,0,0,0
33,2016-04-14 17:11:49.176,3186,100000,100,INSTITUTIONSHOMOPHILY,true,10,10,6,14,6,0.85,0.5,0,0,0.001,0.001,0,100000,99900,170,30,32,0.0,0.0,0.0,0.0,9,48,0.0,0.0,0.0,0.0,2,53,0,600,0,53,0,0,0,0,0,0,0,0,0
